0	8.4172	0.168344	-0.0620594	0.0100725
1	7.55882	0.315565	-0.269173	0.00967324
2	6.68879	0.440133	-0.675924	0.010981
3	6.10734	0.550197	-1.05277	0.00495169
4	5.63209	0.646139	-1.41765	0.00552124
5	5.18964	0.730032	-1.71149	0.00502202
6	4.79162	0.8028	-1.92608	0.00504594
7	4.51651	0.867524	-2.06516	0.00505973
8	4.229	0.925412	-2.17507	0.00461564
9	4.00053	0.977203	-2.29769	0.00455564
10	3.3764	1.01508	-2.27676	0.00449064
11	2.93159	1.04342	-2.1332	0.00447572
12	2.69438	1.06538	-1.74065	0.00528748
13	2.55979	1.08759	-1.49017	0.00450481
14	2.47215	1.10849	-1.1896	0.00464772
15	2.43496	1.13042	-1.03407	0.00394967
16	2.46208	1.1525	-1.07819	0.00449051
17	2.46282	1.17393	-1.42961	0.00451676
18	2.50657	1.1943	-1.86552	0.0044866
19	2.43494	1.21042	-2.23563	0.0047541
20	2.398	1.22306	-2.75903	0.00507248
21	1.79861	1.22072	-3.32803	0.00512335
22	1.10771	1.20297	-3.8417	0.00474935
23	-0.411278	1.1537	-4.14676	0.00451097
24	-1.35045	1.08486	-4.3292	0.00461597
25	-2.28456	0.993624	-4.16546	0.00562069
26	-2.96066	0.891493	-3.79609	0.00564549
27	-3.58457	0.782199	-3.05287	0.0053149
28	-4.14874	0.669876	-2.29096	0.00458076
29	-4.53797	0.554418	-1.52457	0.00503356
30	-5.044	0.435062	-0.728263	0.00494427
31	-4.98319	0.323438	0.145802	0.00456626
32	-4.97333	0.218206	0.887524	0.00492106
33	-4.20913	0.133621	1.42288	0.00455435
34	-4.11876	0.0554354	1.81617	0.00492139
35	-4.07896	-0.0191494	1.81916	0.00455264
36	-4.29214	-0.0925511	1.79897	0.00676371
37	-4.55329	-0.171827	1.69056	0.00563778
38	-4.90998	-0.257568	1.48943	0.00544511
39	-5.52746	-0.355406	1.13128	0.0051799
40	-6.16319	-0.465759	0.693121	0.00523315
41	-7.13154	-0.595362	0.102435	0.00546707
42	-8.30369	-0.748948	-0.584704	0.0057782
43	-9.53736	-0.927934	-1.16268	0.00561603
44	-10.8852	-1.13365	-1.85356	0.00576224
45	-12.3255	-1.36572	-2.48761	0.00453385
46	-13.8056	-1.6296	-3.20167	0.00618928
47	-15.3412	-1.92094	-3.95909	0.00545248
48	-16.7231	-2.23867	-4.61707	0.00558744
49	-18.0184	-2.57734	-5.00438	0.00510102
50	-19.3775	-2.93955	-5.36253	0.00534415
51	-20.4699	-3.31968	-5.31019	0.00561769
52	-21.2433	-3.70593	-4.90269	0.00533694
53	-21.8431	-4.0938	-4.52136	0.00522911
54	-22.2424	-4.47535	-3.92395	0.00419255
55	-22.4228	-4.85802	-3.04465	0.00616841
56	-22.4981	-5.227	-1.98441	0.00542498
57	-22.5085	-5.5824	-1.01762	0.00501931
58	-22.6154	-5.92817	0.251976	0.00512469
59	-22.5558	-6.25962	1.52532	0.00443164
60	-22.3157	-6.57335	2.99455	0.00494869
61	-22.0456	-6.86648	4.2821	0.00555923
62	-21.77	-7.14852	5.42907	0.00381905
63	-21.4632	-7.41396	6.65755	0.00392026
64	-21.1248	-7.66035	7.84416	0.00426559
65	-20.5848	-7.889	8.78327	0.00388146
66	-20.0556	-8.09702	9.72538	0.00410255
67	-19.4308	-8.29407	10.7968	0.00310841
68	-18.6964	-8.4647	11.653	0.00353571
69	-17.8467	-8.6112	12.5293	0.00360308
70	-16.901	-8.73547	13.2874	0.00338133
71	-15.7792	-8.82046	13.9895	0.00429176
72	-14.3717	-8.87066	14.6139	0.00443655
73	-12.9994	-8.88978	15.2098	0.00443051
74	-11.4006	-8.8631	15.9156	0.00515956
75	-9.84515	-8.81021	16.7059	0.00464968
76	-8.06699	-8.71783	17.337	0.00473502
77	-6.25004	-8.5796	17.568	0.00523057
78	-4.65953	-8.39755	17.2473	0.00602041
79	-3.11018	-8.21484	16.6229	0.00455331
80	-1.36106	-7.99837	16.2783	0.00487398
81	0.51927	-7.74387	15.9253	0.00527452
82	2.29899	-7.46745	15.5799	0.00484173
83	4.14504	-7.16826	15.1836	0.0043841
84	6.0592	-6.8397	14.4479	0.00430176
85	7.78065	-6.49171	13.4729	0.00392588
86	9.266	-6.12379	12.2384	0.00399655
87	10.6409	-5.7356	11.389	0.00441001
88	12.2238	-5.31972	10.9935	0.00507935
89	13.6697	-4.89711	10.5987	0.00397484
90	14.6813	-4.46443	9.93175	0.0039583
91	15.2585	-4.02956	9.36499	0.00415209
92	15.6908	-3.59851	8.7242	0.00399276
93	16.0233	-3.17095	8.28082	0.0041073
94	16.1472	-2.7509	7.98472	0.00415176
95	16.3306	-2.33544	8.04155	0.00432305
96	16.5386	-1.9254	8.38549	0.00413184
97	16.9285	-1.51115	8.77953	0.00452235
98	17.4558	-1.09404	9.25732	0.00439089
99	18.0749	-0.670722	9.76725	0.00440197
100	18.8247	-0.233083	10.2129	0.00498652
101	19.7513	0.221517	10.4559	0.00548657
102	20.6065	0.683311	10.6137	0.00527911
103	21.5709	1.14833	10.5082	0.00454435
104	22.5139	1.63087	10.2361	0.00536332
105	23.573	2.11758	9.60799	0.00477114
106	24.6548	2.60961	8.65616	0.00438526
107	25.2414	3.09945	7.53087	0.0043851
108	25.5909	3.58095	6.50352	0.00429126
109	25.8945	4.0557	5.61824	0.00446893
110	25.7811	4.51433	4.74268	0.00438122
111	25.5104	4.9554	3.73179	0.00455089
112	25.3014	5.37967	2.95193	0.00474364
113	24.8456	5.7824	2.14965	0.00463406
114	23.9968	6.15621	1.40942	0.00452022
115	22.8037	6.49553	1.07146	0.00461306
116	21.6194	6.80229	1.22399	0.00407888
117	20.8653	7.08897	1.48494	0.00451756
118	20.271	7.35907	1.77505	0.00444197
119	19.6785	7.6131	2.04646	0.00439405
120	19.5458	7.86023	2.4906	0.00422284
121	19.4059	8.10193	3.44392	0.00442022
122	19.2244	8.33957	4.39874	0.00450172
123	19.3078	8.57894	5.56815	0.00463968
124	19.8593	8.83522	6.92672	0.00562186
125	20.6794	9.10206	8.04678	0.00441359
126	21.4695	9.38565	8.97842	0.00459572
127	22.3901	9.68707	9.93399	0.00469631
128	23.3239	9.9989	10.4723	0.00401567
129	24.1767	10.3236	10.9598	0.0040123
130	24.9469	10.6612	11.1288	0.00420126
131	25.7213	11.0077	10.8051	0.00415255
132	26.4173	11.3601	10.2607	0.00417068
133	27.0065	11.7123	9.44499	0.00390909
134	27.5523	12.0669	8.39821	0.0040833
135	27.6908	12.4239	7.06206	0.00541207
136	27.4099	12.7544	5.55918	0.00444581
137	26.9196	13.0603	3.91797	0.00414451
138	26.3555	13.3423	2.49957	0.0041943
139	25.5321	13.5967	1.0894	0.00433789
140	24.591	13.8217	-0.0500963	0.00481868
141	23.3168	14.0114	-1.11632	0.00457289
142	22.1093	14.1685	-1.98291	0.00444647
143	21.031	14.2967	-2.46144	0.00466314
144	19.697	14.3942	-2.98483	0.00435851
145	18.6533	14.4662	-3.12615	0.00450156
146	17.8979	14.5214	-2.99306	0.0043966
147	17.0214	14.5562	-2.66482	0.00516136
148	16.118	14.5759	-2.35527	0.00443118
149	15.4141	14.5818	-2.23563	0.00469531
150	14.5117	14.5709	-2.19002	0.0043298
151	13.8622	14.5475	-2.00534	0.00430318
152	13.2774	14.5134	-1.87075	0.00443776
153	12.5041	14.4654	-2.22741	0.0042728
154	11.9055	14.4031	-2.38966	0.0050634
155	11.133	14.3262	-2.73659	0.00493819
156	10.1733	14.2283	-3.48729	0.00550969
157	9.24316	14.1123	-4.45332	0.00479298
158	8.02614	13.9673	-5.26009	0.00531732
159	6.33652	13.7906	-5.72816	0.00468364
160	4.86242	13.5859	-6.00854	0.00465002
161	3.34919	13.3542	-6.20818	0.00458185
162	1.76371	13.0951	-6.41604	0.00448206
163	0.214506	12.8091	-6.36296	0.00452197
164	-1.31137	12.4984	-6.30538	0.00453556
165	-2.63648	12.1681	-6.19846	0.00445447
166	-3.95215	11.8152	-5.84106	0.00502273
167	-5.40681	11.4442	-5.38571	0.00464435
168	-6.47894	11.0616	-5.07167	0.00457568
169	-7.10145	10.6699	-5.03952	0.00571145
170	-7.86289	10.277	-5.28028	0.00450697
171	-8.68039	9.87542	-5.71395	0.00434022
172	-9.50786	9.46709	-6.1865	0.0036895
173	-10.4966	9.04403	-6.52147	0.00392388
174	-11.6964	8.60375	-6.76073	0.00398568
175	-12.9526	8.14365	-6.70241	0.0043728
176	-14.2007	7.67065	-6.60446	0.00397501
177	-15.1099	7.18648	-6.60895	0.00441335
178	-16.0325	6.69333	-6.37716	0.00444168
179	-17.3167	6.18654	-6.08033	0.00425426
180	-18.3177	5.66651	-5.67133	0.00502506
181	-19.3518	5.1395	-5.00139	0.0047941
182	-20.2083	4.60959	-4.13106	0.00468435
183	-20.8099	4.08039	-3.18297	0.00513911
184	-21.3379	3.55633	-2.27152	0.00503052
185	-21.9705	3.03368	-1.52158	0.00544265
186	-22.2911	2.52049	-0.482269	0.00449085
187	-22.6638	2.01434	0.56975	0.00522286
188	-22.9857	1.51691	1.57167	0.00460306
189	-22.7671	1.03846	2.60051	0.00469497
190	-22.6166	0.57724	3.49103	0.00466293
191	-22.144	0.138325	4.11312	0.00453314
192	-21.7687	-0.282265	4.45033	0.00435414
193	-21.4437	-0.688136	4.53931	0.00397976
194	-21.0143	-1.07529	4.3307	0.00435314
195	-20.4854	-1.44485	3.96059	0.00439401
196	-20.0954	-1.80125	3.07755	0.0042793
197	-19.641	-2.14575	2.41508	0.00407613
198	-19.5369	-2.48424	1.36979	0.00394376
199	-19.3261	-2.81517	0.503952	0.00439776
200	-19.3493	-3.14363	-0.267678	0.00449843
201	-19.861	-3.47914	-0.88229	0.00442293
202	-20.7583	-3.829	-1.24792	0.00494806
203	-22.0425	-4.19832	-1.39297	0.00413309
204	-23.3902	-4.58829	-1.28007	0.00448781
205	-24.5727	-4.99295	-0.918928	0.00396392
206	-25.5474	-5.40799	-0.329737	0.00438947
207	-26.4336	-5.82996	0.290109	0.00450872
208	-26.9977	-6.25213	1.05426	0.00416759
209	-27.7481	-6.67781	1.79972	0.00410351
210	-28.2638	-7.10183	2.7022	0.00436355
211	-28.4661	-7.51734	3.56804	0.0044473
212	-28.2102	-7.9144	4.29556	0.0048051
213	-27.6634	-8.2922	4.79203	0.00407947
214	-26.9683	-8.64656	5.21972	0.00408122
215	-26.3928	-8.97992	5.2915	0.00421622
216	-25.9808	-9.29706	5.36178	0.00441176
217	-25.6445	-9.60556	5.33786	0.00351021
218	-25.2229	-9.89628	5.51805	0.00413359
219	-24.7478	-10.1686	5.3887	0.00456489
220	-24.2248	-10.4265	5.25336	0.00439789
221	-23.6895	-10.669	5.06046	0.00443105
222	-23.1943	-10.8978	4.90643	0.00436501
223	-22.675	-11.1138	4.91166	0.00407289
224	-22.2314	-11.3149	4.87802	0.00440468
225	-21.7884	-11.4991	5.15467	0.00528469
226	-21.3189	-11.6732	5.45225	0.00442781
227	-20.7863	-11.8325	5.89041	0.00429051
228	-20.3181	-11.9765	6.21117	0.00445818
229	-19.7936	-12.1057	6.63138	0.00445193
230	-19.2656	-12.2204	7.10617	0.00439072
231	-18.6284	-12.318	7.6991	0.00438776
232	-17.9294	-12.3966	8.36381	0.00446006
233	-17.049	-12.4527	8.90814	0.00450318
234	-16.0404	-12.4847	9.53397	0.0045526
235	-15.0332	-12.497	10.0387	0.00414114
236	-13.9171	-12.482	10.512	0.00441101
237	-12.6918	-12.4401	10.7692	0.00447214
238	-11.5906	-12.3793	10.9307	0.00415405
239	-10.4598	-12.2945	11.0032	0.00432876
240	-9.2143	-12.1736	10.7318	0.00550744
241	-7.94409	-12.0337	10.2734	0.00525615
242	-6.60499	-11.8797	9.71267	0.00451118
243	-5.31567	-11.7036	9.19301	0.0047091
244	-3.95787	-11.5034	8.64794	0.00502965
245	-2.48442	-11.2806	8.0266	0.00499969
246	-1.0693	-11.0383	7.24899	0.00483614
247	0.0918815	-10.7861	6.45193	0.00417714
248	1.40135	-10.5097	5.65114	0.00515248
249	2.57519	-10.2188	4.88624	0.00528419
250	3.59894	-9.91989	4.24097	0.00470506
251	4.63489	-9.61	3.51122	0.00452185
252	5.15801	-9.29949	2.83978	0.00440322
253	5.40446	-8.99315	2.30816	0.00440351
254	5.50287	-8.6933	1.78701	0.00439093
255	5.4055	-8.40365	1.36381	0.0043846
256	5.24835	-8.12461	1.1709	0.00448647
257	5.27913	-7.85148	1.10436	0.00440755
258	5.18713	-7.58592	1.17763	0.0044201
259	5.37666	-7.32153	1.45503	0.00444939
260	5.54946	-7.05731	1.85206	0.00476823
261	5.718	-6.79329	2.56612	0.00469339
262	6.25254	-6.51736	3.19494	0.00597153
263	6.98919	-6.23318	3.48654	0.0044866
264	7.76952	-5.93937	3.99124	0.0040248
265	8.64051	-5.63205	4.28808	0.00402038
266	9.55685	-5.30918	4.69782	0.00454293
267	10.5226	-4.9733	4.86082	0.00418039
268	11.6873	-4.59543	5.20626	0.00937366
269	12.5896	-4.22951	5.4201	0.00435626
270	13.564	-3.85354	5.44777	0.00378384
271	14.4793	-3.46687	5.42908	0.0037493
272	15.4129	-3.06882	5.48665	0.00384351
273	16.3015	-2.65992	5.80816	0.00399676
274	17.1216	-2.23772	5.73638	0.0046686
275	17.8678	-1.80956	5.8104	0.00463347
276	18.5967	-1.37636	5.60778	0.00440422
277	19.1956	-0.939853	5.76629	0.00456106
278	19.6194	-0.503274	5.57637	0.0044936
279	20.1627	-0.0670411	5.53375	0.00419293
280	20.9203	0.37755	5.4358	0.00458114
281	21.56	0.825472	5.28701	0.00455656
282	22.051	1.27325	4.89596	0.00448989
283	22.4772	1.71846	4.52435	0.00440414
284	22.9426	2.16637	4.51239	0.0052839
285	23.2138	2.60949	4.41444	0.00501302
286	23.4783	3.04967	4.65595	0.00527286
287	23.6963	3.48546	4.64025	0.00500827
288	23.8607	3.91608	4.80026	0.00508306
289	23.9507	4.3404	4.62081	0.00502215
290	23.7452	4.75001	4.97671	0.00475214
291	23.654	5.15789	5.33711	0.00610987
292	23.6678	5.54975	5.859	0.00414064
293	23.7677	5.93811	6.29641	0.00418022
294	23.8175	6.32113	6.69568	0.00412159
295	24.0732	6.70326	7.32151	0.00412826
296	24.336	7.08855	7.72752	0.00454868
297	24.5632	7.47374	8.31596	0.00471397
298	24.8941	7.86299	8.9059	0.0050119
299	25.2075	8.25018	9.73734	0.00461731
300	25.5971	8.648	10.3101	0.00533128
301	26.0073	9.05005	10.8821	0.00543078
302	26.3205	9.44295	11.4085	0.00445297
303	26.4965	9.83564	11.9677	0.00461731
304	26.6984	10.2282	12.3124	0.00471252
305	26.8377	10.6283	12.2765	0.0056319
306	26.8718	11.0235	12.2504	0.00584441
307	26.8774	11.3952	11.881	0.00455389
308	26.6437	11.7532	11.3262	0.00454893
309	26.3473	12.0958	10.4095	0.00457468
310	26.1826	12.4306	9.29545	0.0051964
311	25.8636	12.7454	8.06996	0.0050644
312	25.6274	13.0432	6.78915	0.0050824
313	25.5275	13.3207	5.37374	0.0041788
314	25.3582	13.5896	4.04732	0.00533798
315	25.1119	13.8378	2.82632	0.00447226
316	24.8597	14.0702	1.57092	0.00431972
317	24.6389	14.2883	0.572741	0.00436693
318	24.3855	14.4928	-0.398526	0.00457006
319	23.9943	14.6809	-0.99968	0.00474873
320	23.2929	14.8482	-1.36605	0.00511765
321	22.4934	14.9941	-1.63747	0.00520265
322	21.5441	15.1165	-1.71374	0.00533848
323	20.3837	15.213	-1.80047	0.00530244
324	19.1445	15.2832	-1.85879	0.00474998
325	17.9273	15.327	-1.76757	0.0050214
326	16.5426	15.3422	-1.68084	0.00525382
327	15.1647	15.3288	-1.39447	0.00594562
328	13.8907	15.294	-1.07968	0.00442497
329	12.7496	15.2384	-0.763405	0.00450514
330	11.5928	15.162	-0.602649	0.00460697
331	10.6195	15.0684	-0.5862	0.00473193
332	9.76187	14.9593	-0.559282	0.00516082
333	8.9692	14.8366	-0.703589	0.00529519
334	8.18695	14.6999	-1.07445	0.00530019
335	7.33041	14.5475	-1.54999	0.00473606
336	6.55055	14.3808	-1.95375	0.00445193
337	5.65805	14.1981	-2.76052	0.00434989
338	4.58583	13.9938	-3.61066	0.00444735
339	3.34479	13.7653	-4.63875	0.00437485
340	2.08675	13.5122	-5.67357	0.00430626
341	0.67188	13.231	-6.75251	0.00438197
342	-0.710852	12.9227	-7.96229	0.00445414
343	-2.18282	12.5888	-9.04198	0.00407822
344	-3.2617	12.2345	-9.89885	0.0042063
345	-4.40961	11.8613	-10.5755	0.00415834
346	-7.09215	11.4388	-10.6929	0.0041878
347	-8.36915	10.9962	-10.1306	0.00443097
348	-9.45615	10.541	-9.12722	0.00464868
349	-10.8258	10.0625	-8.01538	0.00571941
350	-12.4093	9.57758	-6.74802	0.00451735
351	-13.9129	9.0778	-5.18831	0.00453218
352	-15.2718	8.56765	-3.59944	0.00455431
353	-16.6011	8.04962	-1.89244	0.00415547
354	-18.2905	7.51529	-0.107669	0.00405568
355	-19.611	6.97234	1.77056	0.00401572
356	-19.0227	6.46007	3.11119	0.00439551
357	-19.5976	5.94955	3.73926	0.003489
358	-19.9718	5.44615	3.65029	0.00409918
359	-20.1086	4.9499	3.45738	0.00415022
360	-19.965	4.4652	2.90707	0.00401334
361	-19.9491	3.98923	2.13469	0.00432568
362	-20.2724	3.51241	1.00716	0.00401913
363	-20.496	3.03656	-0.143559	0.00437693
364	-20.7765	2.55968	-1.65467	0.00444035
365	-21.4954	2.07134	-3.24653	0.00446031
366	-23.5358	1.5462	-4.86007	0.00408447
367	-26.9516	0.955745	-5.74087	0.0043048
368	-29.5539	0.3205	-6.08855	0.00445297
369	-31.8866	-0.350779	-6.6082	0.0045481
370	-33.0756	-1.03392	-6.78018	0.00442376
371	-34.7723	-1.73888	-6.10799	0.00454397
372	-35.7116	-2.44561	-4.69707	0.00455585
373	-36.7886	-3.16009	-2.91604	0.00600116
374	-37.6758	-3.86439	-1.02062	0.00489306
375	-38.0525	-4.55286	0.68714	0.0047091
376	-37.4696	-5.20782	2.31639	0.0050209
377	-36.3923	-5.82049	3.72057	0.0048549
378	-35.6009	-6.39914	5.21972	0.00465131
379	-34.9095	-6.94673	7.42619	0.00442093
380	-34.2785	-7.46041	9.3104	0.00452881
381	-32.733	-7.92333	9.47191	0.00466069
382	-33.0644	-8.38964	8.92982	0.0039343
383	-32.2329	-8.83268	8.37278	0.00386451
384	-31.0509	-9.23878	8.32867	0.00466343
385	-31.1441	-9.63758	8.79972	0.00481489
386	-31.3648	-10.0322	9.93922	0.00462793
387	-30.5349	-10.3955	10.9419	0.00480385
388	-29.4885	-10.7257	11.5744	0.00481456
389	-28.6645	-11.0307	11.6417	0.00474493
390	-28.3766	-11.3245	11.6784	0.00465502
391	-28.4456	-11.6093	12.773	0.00503144
392	-27.122	-11.8604	14.3522	0.00472319
393	-26.4874	-12.0788	15.5926	0.00527232
394	-25.8136	-12.2727	16.3134	0.00528773
395	-24.0001	-12.4073	16.5624	0.0062522
396	-21.6207	-12.5104	16.0278	0.00500311
397	-20.0509	-12.5824	15.3369	0.00501677
398	-18.6887	-12.6335	14.8561	0.00472756
399	-16.8558	-12.6492	14.72	0.00472152
400	-14.9513	-12.6273	14.8023	0.00470519
401	-13.2995	-12.5661	14.9272	0.00514615
402	-11.2499	-12.4801	14.9212	0.00408401
403	-9.46641	-12.356	14.8329	0.00435914
404	-8.25783	-12.2088	14.7746	0.00448777
405	-6.97987	-12.0396	14.8038	0.00446576
406	-5.9252	-11.8588	14.6722	0.00403409
407	-4.8681	-11.6586	14.6789	0.00419576
408	-3.79357	-11.4361	14.418	0.00453727
409	-2.67272	-11.197	13.9701	0.00451818
410	-1.61609	-10.9406	13.3039	0.00473023
411	-0.367606	-10.6706	12.4291	0.00448793
412	0.543955	-10.3835	11.4675	0.00515594
413	1.89449	-10.0806	10.5322	0.00510832
414	3.39243	-9.76179	9.69323	0.00477719
415	4.64411	-9.4261	8.81169	0.00500769
416	5.9283	-9.07178	8.18436	0.00546911
417	7.17338	-8.70086	7.24226	0.00573728
418	8.45639	-8.32245	6.51175	0.00496831
419	9.36885	-7.93677	5.71619	0.00499261
420	10.0143	-7.54932	5.13971	0.00507465
421	10.2495	-7.16944	5.07915	0.00474623
422	10.8135	-6.78731	5.37524	0.00451327
423	11.8596	-6.39324	5.73713	0.00401168
424	12.705	-5.98833	6.01527	0.00408122
425	13.678	-5.56893	6.45941	0.00442301
426	14.6496	-5.13867	7.00149	0.00409005
427	15.598	-4.69275	7.7492	0.00454435
428	16.4041	-4.23796	8.33988	0.00432651
429	17.4657	-3.77136	9.14666	0.00397934
430	18.7641	-3.28373	9.92427	0.00411985
431	20.4588	-2.76795	10.1538	0.00420839
432	21.9526	-2.23816	9.93025	0.003555
433	22.6486	-1.70134	9.44125	0.00401572
434	24.0527	-1.14712	8.64794	0.00423022
435	24.8093	-0.592353	7.54358	0.00420547
436	25.2964	-0.0446502	6.3966	0.00404834
437	25.6326	0.497359	5.43805	0.00454068
438	26.1889	1.03487	4.63501	0.00444276
439	26.4588	1.56386	3.70338	0.00451568
440	26.3763	2.07904	2.7523	0.00521748
441	25.9598	2.56793	2.11151	0.00417993
442	25.2105	3.02983	1.64046	0.00437226
443	24.9231	3.4747	1.62401	0.0043533
444	23.9765	3.89204	2.09955	0.00458985
445	23.6371	4.29613	2.71192	0.00446585
446	23.5307	4.69409	3.60842	0.00499536
447	23.4227	5.08421	4.26789	0.00439639
448	23.2758	5.46381	5.12027	0.00377021
449	23.8662	5.85209	5.84704	0.00403118
450	24.031	6.24053	6.5783	0.00433922
451	25.6018	6.65605	6.8041	0.00438914
452	27.0138	7.09145	7.36563	0.00423522
453	27.8422	7.53563	7.42171	0.00404068
454	28.773	7.99124	7.38133	0.00424372
455	29.6455	8.45628	7.21459	0.00441726
456	30.5547	8.92725	6.56857	0.00410122
457	31.5698	9.40802	5.96144	0.00433768
458	32.3804	9.88883	5.24514	0.0036573
459	32.4861	10.3616	4.75465	0.00405734
460	33.2349	10.8381	4.2963	0.00408576
461	32.563	11.2906	4.14003	0.00427555
462	32.2215	11.7257	3.70038	0.00406184
463	32.3436	12.1515	3.58823	0.00369992
464	31.849	12.5611	3.60169	0.00443618
465	31.2723	12.9504	3.76543	0.0042721
466	30.6318	13.3188	4.12732	0.00401751
467	29.9848	13.6714	4.34042	0.00476194
468	29.4978	14.0069	4.31425	0.00446668
469	29.038	14.3274	4.16097	0.00468385
470	28.5778	14.6331	4.02489	0.00509569
471	28.2029	14.9232	3.93666	0.00471993
472	27.8748	15.2014	3.85815	0.00498669
473	27.4904	15.4628	3.6802	0.00411264
474	27.1499	15.7124	3.35121	0.00441239
475	26.8113	15.9476	3.2712	0.00403301
476	26.5728	16.1741	3.16503	0.00435281
477	26.3911	16.3895	3.15905	0.00358359
478	26.177	16.5982	3.47533	0.00416205
479	26.0237	16.8014	3.93068	0.00431693
480	25.8802	16.999	4.37407	0.00416839
481	26.0187	17.1968	4.75839	0.00405147
482	25.998	17.3914	4.99989	0.00398422
483	25.9981	17.5821	5.36103	0.00379209
484	26.2441	17.7764	5.77601	0.00401076
485	26.3685	17.9713	6.16182	0.00406751
486	26.6644	18.1697	6.50577	0.00407105
487	27.0175	18.3711	6.88336	0.00382226
488	27.2837	18.5744	7.20936	0.00371734
489	27.548	18.7943	7.08823	0.00572703
490	27.7915	19.0052	6.80634	0.0044471
491	27.7482	19.2114	6.61643	0.00470998
492	27.885	19.4156	6.51698	0.00473014
493	27.9731	19.6192	6.27697	0.00508965
494	27.4768	19.8057	6.03471	0.0047616
495	27.1349	19.9783	5.59731	0.0043971
496	26.8589	20.1399	5.23617	0.00438626
497	26.9121	20.2977	4.78082	0.00435647
498	26.9023	20.4518	4.09069	0.0046946
499	26.7054	20.5947	3.65702	0.00445081
500	26.5914	20.7305	3.44691	0.00442472
501	26.5575	20.8632	3.01624	0.00478014
502	26.402	20.9873	2.605	0.00450539
503	26.2831	21.1047	2.32087	0.00448477
504	26.5909	21.2235	1.90216	0.00399776
505	26.8454	21.3441	1.31147	0.00436489
506	26.7688	21.4579	0.720786	0.0041318
507	26.2513	21.5566	0.0493485	0.00410776
508	25.7964	21.6416	-0.561525	0.00409505
509	25.3587	21.7136	-1.23296	0.0042396
510	24.7262	21.7688	-2.116	0.00418197
511	24.0505	21.805	-2.85025	0.00455935
512	23.0107	21.8142	-3.57103	0.00534561
513	21.9053	21.8007	-4.23499	0.00436406
514	20.7507	21.761	-4.91839	0.00452302
515	19.5573	21.6969	-5.45076	0.00414972
516	18.3567	21.6048	-5.99957	0.00472802
517	17.0058	21.4854	-6.40483	0.00467619
518	15.5993	21.3338	-6.55287	0.00538857
519	14.1256	21.16	-6.44147	0.00461927
520	12.7669	20.9643	-5.95322	0.00441418
521	11.414	20.7466	-5.56291	0.00456314
522	10.6623	20.5204	-5.17635	0.00450039
523	9.8142	20.2842	-5.06868	0.00436155
524	8.87035	20.0336	-4.81895	0.00448064
525	8.08034	19.7734	-4.57744	0.00448943
526	7.48759	19.5092	-4.35537	0.00410505
527	7.17238	19.2453	-4.17219	0.00402297
528	6.96595	18.9814	-4.28434	0.00449256
529	6.83741	18.7177	-4.60286	0.00494731
530	6.6073	18.453	-5.24065	0.00497873
531	6.23326	18.1844	-5.91359	0.00472939
532	5.62586	17.9062	-6.66204	0.00465348
533	4.93117	17.6137	-7.14805	0.00506069
534	4.20487	17.3049	-7.67443	0.00579045
535	3.32381	16.9917	-8.16642	0.00447318
536	2.08664	16.6585	-8.76458	0.00438531
537	0.844543	16.3047	-9.37471	0.00436485
538	-1.13225	15.9159	-9.79267	0.00436564
539	-2.82987	15.4992	-9.64612	0.00435306
540	-4.50982	15.0529	-8.94328	0.00487689
541	-5.49497	14.6032	-7.94285	0.00442189
542	-6.84553	14.1342	-6.85644	0.00513719
543	-8.00319	13.6611	-5.89116	0.00452481
544	-8.87846	13.1845	-4.7524	0.00446639
545	-9.6815	12.7064	-3.68693	0.00446652
546	-10.3514	12.2296	-2.35676	0.0043226
547	-11.0731	11.7536	-0.991455	0.0042993
548	-11.1375	11.2918	0.453108	0.00407118
549	-11.3201	10.8413	1.36605	0.00395363
550	-11.4311	10.4016	1.61728	0.00425864
551	-12.2478	9.95595	1.67859	0.00462852
552	-12.8552	9.50747	1.61205	0.00471031
553	-13.5692	9.05336	1.71075	0.00469385
554	-14.2604	8.5957	1.65616	0.00513857
555	-15.1269	8.12859	1.74589	0.00452956
556	-15.9806	7.65527	1.50363	0.00517765
557	-17.0235	7.16874	1.37802	0.0047831
558	-18.0042	6.67112	1.14174	0.00432289
559	-19.1396	6.16054	1.00342	0.00503719
560	-20.1698	5.63838	1.15969	0.00451939
561	-20.9795	5.11199	1.4169	0.00524744
562	-21.5132	4.58529	1.73467	0.00417793
563	-21.9879	4.06164	1.97693	0.00459627
564	-22.5947	3.53671	2.11451	0.00423039
565	-22.972	3.01507	2.29769	0.00411868
566	-23.2027	2.49974	2.61098	0.00400843
567	-23.393	1.992	2.69323	0.0039538
568	-23.6288	1.49007	2.67977	0.00397109
569	-23.8353	0.99497	2.59677	0.00434493
570	-24.1696	0.502012	2.38592	0.00406063
571	-24.6136	0.009123	2.05843	0.00403039
572	-25.0625	-0.48422	1.88421	0.00401047
573	-25.4833	-0.975979	1.66738	0.00445264
574	-25.9578	-1.46846	1.60083	0.00437668
575	-26.4814	-1.96193	1.44531	0.00432797
576	-27.1459	-2.4592	1.50887	0.0045266
577	-27.6535	-2.95636	1.85057	0.00454602
578	-28.3357	-3.45556	2.20199	0.00462543
579	-28.8541	-3.9534	2.67603	0.00469356
580	-29.2129	-4.44333	3.26373	0.00582145
581	-29.4117	-4.92866	3.91049	0.00438793
582	-29.4887	-5.40491	4.54978	0.00390101
583	-29.5255	-5.8686	5.16364	0.00419901
584	-29.3741	-6.3158	5.74909	0.0045271
585	-29.0977	-6.74787	6.32408	0.00418364
586	-28.7214	-7.15981	6.72784	0.00444143
587	-28.243	-7.54869	7.19739	0.00497294
588	-27.5491	-7.91561	7.73424	0.00469081
589	-26.7821	-8.2549	8.32418	0.00501832
590	-25.8683	-8.56012	8.87225	0.00576791
591	-24.9504	-8.84496	9.45247	0.00494148
592	-23.9064	-9.10535	9.82258	0.00440827
593	-22.7478	-9.33905	10.4626	0.00406701
594	-21.5143	-9.5381	10.995	0.00433614
595	-20.0696	-9.70005	11.4877	0.00451727
596	-18.5228	-9.82681	11.8743	0.00441485
597	-17.0039	-9.92074	11.9408	0.00426322
598	-15.3827	-9.98232	11.9633	0.00407268
599	-13.7543	-10.0042	11.7666	0.00457114
600	-12.2589	-9.99918	11.4743	0.00434306
601	-10.7396	-9.96471	11.3113	0.00438272
602	-9.24215	-9.90249	11.1677	0.00430889
603	-7.53831	-9.80278	10.8851	0.0047899
604	-6.13702	-9.68586	10.7684	0.0040883
605	-4.94292	-9.54895	10.7049	0.00398443
606	-3.74345	-9.38959	10.675	0.00412226
607	-2.51345	-9.20945	11.1034	0.00407385
608	-1.32422	-9.00712	11.4144	0.00410159
609	-0.159483	-8.78619	11.8907	0.0039308
610	0.86961	-8.55143	12.361	0.00357371
611	2.0221	-8.29162	12.6855	0.00399118
612	3.03061	-8.01401	12.9988	0.0041156
613	3.75865	-7.72567	13.2762	0.00415105
614	4.48165	-7.42895	13.5918	0.00404093
615	5.17295	-7.12052	13.8273	0.00423406
616	5.97712	-6.78726	14.1832	0.00526203
617	6.87157	-6.44617	14.0703	0.00488619
618	7.82638	-6.08794	13.8901	0.00527765
619	8.88777	-5.71885	13.6149	0.00511173
620	10.1351	-5.33862	13.4198	0.00473302
621	11.121	-4.9468	13.1304	0.00476223
622	12.5131	-4.538	12.8067	0.00463173
623	13.8992	-4.11045	12.4223	0.00468523
624	15.4725	-3.66597	11.7778	0.00433893
625	16.8895	-3.20956	11.2739	0.00392526
626	18.0313	-2.73564	10.7228	0.00444381
627	18.9185	-2.24186	10.4065	0.00577574
628	19.7009	-1.75218	10.3011	0.00498381
629	20.7673	-1.25166	10.2951	0.00496586
630	21.7805	-0.7379	10.1284	0.00526478
631	23.144	-0.215823	9.80987	0.00447706
632	23.7887	0.30791	9.7007	0.00453956
633	24.3133	0.832018	9.85548	0.00462848
634	25.0904	1.35957	10.3497	0.00438785
635	26.1241	1.90496	10.7281	0.00493961
636	27.2412	2.46587	10.9643	0.00515394
637	28.3991	3.0361	10.746	0.00479865
638	29.3583	3.61608	10.4551	0.00508411
639	29.7918	4.18813	9.98857	0.00473648
640	30.1813	4.75333	9.54219	0.00463198
641	30.3499	5.31358	9.15937	0.00516715
642	30.7416	5.86748	8.57242	0.00505102
643	31.2611	6.41725	7.90846	0.0049874
644	31.5154	6.95502	6.66802	0.0046196
645	31.4504	7.47266	5.49786	0.00424351
646	31.3524	7.97398	4.67689	0.00440347
647	31.8993	8.47271	3.93068	0.00441222
648	32.2293	8.97302	2.96689	0.00653683
649	32.6169	9.45853	2.08908	0.00434468
650	32.7161	9.93337	0.969771	0.00473549
651	32.526	10.3902	-0.311792	0.00522132
652	32.5198	10.8314	-1.50887	0.00439347
653	32.293	11.2537	-2.83305	0.00473435
654	31.9837	11.6559	-3.87759	0.00446514
655	31.894	12.0442	-4.9827	0.00431964
656	31.6797	12.4189	-6.10126	0.00369101
657	30.7845	12.7619	-6.9028	0.00406801
658	30.2559	13.0826	-7.29908	0.00431339
659	29.3713	13.3794	-7.26394	0.00404439
660	28.3435	13.65	-6.65606	0.00403013
661	27.5387	13.9006	-5.41562	0.00416297
662	26.6228	14.1333	-3.99274	0.00410347
663	25.8029	14.3495	-2.51378	0.0043921
664	25.0145	14.5525	-0.822474	0.00419218
665	24.2637	14.7431	1.03333	0.00452072
666	23.6101	14.9247	2.77996	0.00419964
667	23.0569	15.1002	4.7053	0.00472389
668	22.5498	15.2722	6.68372	0.00499423
669	22.4777	15.4457	8.4797	0.00449039
670	22.9402	15.6372	10.2936	0.00500019
671	23.8296	15.8624	11.6081	0.00608437
672	24.426	16.0883	12.2003	0.00480677
673	24.8468	16.3186	12.4881	0.00460385
674	25.352	16.5658	12.5121	0.00544049
675	26.214	16.8171	12.5734	0.00475464
676	27.1397	17.086	12.5906	0.00507061
677	27.8788	17.3613	12.4253	0.0048176
678	28.6536	17.6479	11.8384	0.00498923
679	29.1674	17.9307	10.74	0.00451952
680	29.4665	18.2102	9.39564	0.00463564
681	29.227	18.474	8.25315	0.00472123
682	29.2052	18.7296	7.52863	0.00506352
683	29.2731	18.9793	7.00598	0.00525869
684	29.2393	19.2204	6.59101	0.00522757
685	28.7464	19.4416	5.93751	0.00475027
686	28.0702	19.6409	5.15841	0.00460202
687	27.4242	19.8218	4.32546	0.00498473
688	26.6967	19.9783	3.60244	0.00448456
689	25.987	20.1166	3.06858	0.00514136
690	25.3057	20.2344	2.64014	0.00465298
691	24.7538	20.3367	2.06142	0.00461331
692	24.3274	20.4281	1.60831	0.00571033
693	23.9672	20.5068	0.966033	0.00504744
694	23.5612	20.572	0.228797	0.00434793
695	23.0946	20.6237	-0.538347	0.00524486
696	22.4913	20.6585	-1.14623	0.00474623
697	21.8659	20.6772	-1.67336	0.00480852
698	21.2487	20.6805	-2.21171	0.00501011
699	20.6711	20.6707	-2.93623	0.00440685
700	20.0207	20.6449	-3.61963	0.00447118
701	19.2636	20.6014	-4.36883	0.00444864
702	18.2286	20.5345	-4.90045	0.00454343
703	17.0958	20.444	-5.13897	0.00452768
704	15.9771	20.3322	-5.28701	0.00445914
705	14.9052	20.1996	-5.19654	0.00465456
706	13.8337	20.0496	-5.17186	0.00444164
707	13.0033	19.8861	-5.24364	0.00446873
708	12.0741	19.7071	-5.12102	0.00441981
709	10.7692	19.5062	-4.8339	0.00441552
710	9.5596	19.286	-4.71352	0.00449373
711	8.36117	19.0448	-4.29182	0.00490452
712	7.40903	18.7923	-4.16695	0.00471294
713	6.48339	18.528	-4.21854	0.00442593
714	5.48889	18.2507	-4.38229	0.00400409
715	4.5346	17.9511	-4.87727	0.00589337
716	3.72896	17.6429	-5.55768	0.00497202
717	2.71195	17.3152	-6.46165	0.00533036
718	1.59215	16.967	-7.55031	0.00533157
719	0.570437	16.6014	-8.49989	0.00508761
720	-0.388228	16.2167	-9.45322	0.00538899
721	-0.549899	15.8356	-9.72463	0.00493815
722	-0.900331	15.4561	-9.2947	0.00470223
723	-1.59175	15.0679	-8.86403	0.00518973
724	-2.42412	14.671	-8.63897	0.00540961
725	-3.58391	14.2609	-8.17389	0.00531915
726	-5.0151	13.8367	-7.15104	0.00482756
727	-6.44859	13.3934	-5.95845	0.00537457
728	-7.95619	12.9375	-4.46229	0.00494173
729	-8.95003	12.4785	-2.90408	0.00486077
730	-9.93586	12.0173	-1.10137	0.00452018
731	-11.737	11.5379	-0.359645	0.00403159
732	-13.1925	11.0418	-0.384319	0.00416401
733	-14.4556	10.5302	-0.294595	0.0044876
734	-15.4557	10.0092	0.252724	0.00446164
735	-16.1857	9.48641	0.7163	0.00452348
736	-16.863	8.96318	0.761162	0.00535615
737	-17.4766	8.43729	0.881542	0.00389101
738	-18.0179	7.91167	0.812754	0.00403984
739	-18.9667	7.37766	0.676672	0.00445589
740	-20.1338	6.83026	0.489746	0.00427218
741	-21.3963	6.26766	0.70658	0.00402218
742	-22.5517	5.69407	1.17165	0.00403809
743	-23.3927	5.11758	1.54102	0.00457356
744	-24.1859	4.53831	1.80346	0.00450302
745	-24.9111	3.95714	2.15413	0.00442243
746	-25.3547	3.3802	2.59977	0.00440235
747	-25.7784	2.80843	3.17176	0.00447643
748	-25.817	2.24867	3.8088	0.00409934
749	-25.6681	1.70675	4.33892	0.00439914
750	-25.4557	1.18194	4.75539	0.00433576
751	-25.0584	0.681042	5.04924	0.0051304
752	-24.7341	0.196719	5.26309	0.00484623
753	-24.5093	-0.271206	5.56366	0.00507873
754	-24.208	-0.724567	5.7962	0.0046536
755	-23.9563	-1.16254	5.89116	0.00469394
756	-23.7331	-1.58746	6.05266	0.00458914
757	-23.5312	-1.99915	5.96817	0.00458231
758	-23.628	-2.40813	6.03471	0.00403501
759	-23.9614	-2.8106	6.1364	0.00483527
760	-24.278	-3.21476	6.25977	0.00418855
761	-24.6965	-3.61545	6.39586	0.00471835
762	-25.1731	-4.02085	6.6082	0.00410839
763	-25.6402	-4.42391	6.73232	0.0045276
764	-26.0273	-4.82862	7.09047	0.00414726
765	-26.3217	-5.23027	7.61237	0.0040588
766	-26.5912	-5.62825	8.19184	0.00391984
767	-26.7328	-6.01767	8.82215	0.00406993
768	-26.6937	-6.3922	9.47415	0.00450931
769	-26.342	-6.75288	10.4364	0.00412659
770	-25.8729	-7.0926	11.306	0.00417326
771	-25.1961	-7.40465	12.2048	0.00451439
772	-24.3716	-7.69022	13.1379	0.00449593
773	-23.2999	-7.94901	14.0389	0.00414805
774	-22.1544	-8.17125	14.7903	0.00449656
775	-20.7743	-8.36401	15.1627	0.00409122
776	-19.318	-8.52126	15.3272	0.00416105
777	-17.7559	-8.63527	15.3212	0.00470564
778	-16.1314	-8.71491	14.901	0.00468123
779	-14.5312	-8.76176	14.1092	0.0047574
780	-13.1538	-8.7816	13.4317	0.00491794
781	-11.7996	-8.78054	12.7865	0.00466589
782	-10.2958	-8.75659	12.2167	0.00432997
783	-8.88493	-8.69448	11.6963	0.00540245
784	-7.43381	-8.61222	11.1744	0.00497652
785	-6.31457	-8.51004	10.7423	0.00513428
786	-5.23878	-8.39153	10.5508	0.00504336
787	-4.12001	-8.25145	10.5307	0.00528482
788	-2.86349	-8.09012	10.5882	0.00519065
789	-1.59923	-7.91165	10.5979	0.00468914
790	-0.125832	-7.71018	10.3744	0.00440489
791	1.24379	-7.48586	9.97586	0.00444981
792	2.44132	-7.24162	9.30816	0.00467406
793	3.61905	-6.98151	8.64046	0.00470331
794	4.73816	-6.70753	7.98099	0.00467473
795	6.12728	-6.4148	7.3918	0.00460714
796	7.49973	-6.10222	6.68597	0.00473327
797	8.91112	-5.77322	5.98013	0.00438573
798	10.0518	-5.43134	5.37075	0.00433064
799	11.459	-5.07053	5.09635	0.0043711
800	12.7044	-4.69249	5.01933	0.00451156
801	13.9437	-4.29772	5.18458	0.00448202
802	15.3072	-3.88426	5.56964	0.00420451
803	16.3388	-3.45742	6.11472	0.00409951
804	17.1774	-3.01993	6.95289	0.00413768
805	18.1583	-2.55722	8.09389	0.00574587
806	19.2986	-2.08895	9.09357	0.00392751
807	20.7556	-1.59054	10.168	0.00465865
808	23.0026	-1.05464	11.0593	0.0044191
809	24.3337	-0.498978	11.392	0.00441927
810	25.8387	0.0785435	11.567	0.00454752
811	26.6692	0.660606	11.7247	0.00443293
812	27.7102	1.2496	12.0283	0.00417743
813	28.9788	1.85753	12.2863	0.00452581
814	30.3572	2.4805	12.204	0.00439989
815	31.5839	3.12307	11.9505	0.00505907
816	32.5457	3.76644	11.6567	0.00468848
817	33.1617	4.40787	11.4473	0.0046859
818	32.7847	5.02475	11.5124	0.00439793
819	32.4839	5.62543	12.2264	0.00456519
820	32.7555	6.22172	13.0041	0.00448002
821	33.2879	6.82017	13.7293	0.00448281
822	33.5833	7.41462	14.0591	0.00439939
823	34.2907	8.01196	14.2707	0.00434139
824	34.9169	8.62135	14.0695	0.00509769
825	36.0015	9.24431	13.1035	0.0054657
826	36.8633	9.8596	11.5797	0.00489907
827	37.4431	10.4678	9.87193	0.00497965
828	38.0371	11.0772	8.30474	0.00600079
829	38.9496	11.6672	6.60521	0.00400093
830	38.9312	12.2384	5.09635	0.00400172
831	39.3167	12.7998	3.46486	0.00397051
832	39.4673	13.3472	1.9687	0.0041236
833	39.0697	13.8704	0.390301	0.00456339
834	38.7231	14.3693	-1.14922	0.00468573
835	37.8517	14.834	-2.28423	0.00439981
836	36.7514	15.2625	-3.08129	0.0043721
837	35.9415	15.6625	-4.15947	0.00449573
838	34.2523	16.0156	-5.14869	0.00460339
839	32.217	16.3156	-5.50833	0.00476206
840	30.667	16.5772	-5.71245	0.00469839
841	29.744	16.8178	-6.01827	0.00407305
842	29.0142	17.0351	-6.47212	0.00450173
843	28.2395	17.2308	-6.68148	0.0044871
844	27.5705	17.408	-6.35772	0.00451098
845	26.6212	17.5638	-5.54721	0.0045696
846	25.7602	17.702	-4.29855	0.00473881
847	24.6731	17.8214	-2.38069	0.00475677
848	24.931	17.9518	-0.717048	0.00504644
849	25.6224	18.1018	0.0822475	0.00477736
850	25.7521	18.2553	0.403012	0.00536549
851	25.2695	18.3975	0.868084	0.00486015
852	24.5938	18.5251	1.55747	0.00431535
853	23.7773	18.6361	2.04123	0.00394309
854	22.9522	18.7305	2.49583	0.00400043
855	22.4463	18.8148	2.75678	0.00408726
856	22.1758	18.8929	2.75304	0.00403655
857	21.9689	18.9657	2.33134	0.00418305
858	21.7167	19.0293	1.78178	0.00377205
859	21.2341	19.0805	1.25166	0.00406614
860	20.8603	19.1217	0.69686	0.00451889
861	20.5314	19.1529	0.014954	0.00441997
862	20.0454	19.1708	-0.85313	0.00412197
863	19.5988	19.1756	-1.66065	0.0045001
864	18.8422	19.1623	-2.67454	0.00405768
865	17.8157	19.1236	-3.60318	0.0045136
866	16.7178	19.0607	-4.54305	0.00418935
867	15.5003	18.9695	-5.22794	0.00447564
868	14.1389	18.848	-5.91957	0.00485517
869	12.9126	18.702	-6.35473	0.00470306
870	11.5928	18.531	-6.44072	0.00462773
871	10.2863	18.3338	-6.35025	0.00511836
872	9.09656	18.1186	-6.04892	0.0048929
873	7.80162	17.8845	-5.58684	0.00468369
874	6.69581	17.6263	-4.74567	0.00629279
875	5.54985	17.3614	-3.59047	0.00501757
876	4.34757	17.0827	-2.10553	0.00524103
877	3.13913	16.793	-0.51442	0.00525919
878	1.90932	16.4926	1.37353	0.00548682
879	0.817244	16.1861	3.32504	0.00524557
880	-0.0295788	15.879	5.00662	0.00527932
881	-0.841022	15.5693	6.42352	0.00503057
882	-1.47616	15.2583	7.56825	0.00475019
883	-2.10172	14.9457	8.47597	0.00466748
884	-2.4607	14.6363	9.22965	0.00465952
885	-2.56438	14.3337	9.62519	0.00457635
886	-2.63623	14.0387	9.69323	0.00470644
887	-2.50238	13.7508	9.40985	0.00452014
888	-2.28237	13.4723	8.7085	0.00457873
889	-2.32375	13.1967	7.63704	0.00472419
890	-2.66212	12.9099	6.53792	0.00405097
891	-3.04984	12.6185	5.71844	0.00434156
892	-3.64413	12.3175	4.86157	0.00433831
893	-4.19698	12.0072	4.17667	0.00418122
894	-5.01768	11.685	3.37887	0.00446894
895	-6.05532	11.3458	2.64911	0.00472827
896	-7.08242	10.9863	2.22292	0.00346321
897	-8.24204	10.6087	1.84159	0.00323163
898	-9.49226	10.214	1.65542	0.00406726
899	-10.8131	9.8002	1.76159	0.00412551
900	-12.1131	9.36866	2.14292	0.00389926
901	-13.1258	8.92738	2.56687	0.00409797
902	-14.1258	8.47754	3.08951	0.00446131
903	-14.603	8.03116	3.43794	0.00503153
904	-14.1503	7.60258	3.21737	0.00446739
905	-13.2848	7.2004	2.40013	0.00493681
906	-11.8257	6.83078	1.50139	0.00463481
907	-12.673	6.44717	1.37503	0.00439381
908	-12.4835	6.07466	1.57018	0.00452485
909	-12.0362	5.71865	1.42213	0.00403868
910	-11.8739	5.37307	0.989212	0.00449598
911	-11.9747	5.03	0.390301	0.00401501
912	-12.2611	4.68579	-0.33198	0.0041931
913	-13.4817	4.32095	-1.0079	0.0045836
914	-15.4117	3.92135	-0.995941	0.00500053
915	-17.6259	3.48646	-0.391049	0.00404493
916	-20.2065	3.0109	0.133091	0.00442743
917	-20.2593	2.54599	0.00897248	0.0037863
918	-21.1958	2.07119	-0.604892	0.00441952
919	-22.3172	1.5806	-0.921171	0.00477048
920	-23.1957	1.07955	-0.881542	0.00612166
921	-24.0514	0.57345	-0.67069	0.00402776
922	-24.7563	0.0640675	-0.294595	0.00424135
923	-25.0052	-0.438584	0.3746	0.00438856
924	-25.342	-0.935047	1.07071	0.00437385
925	-25.5963	-1.42363	1.7586	0.00442752
926	-25.901	-1.9053	2.40162	0.00456873
927	-26.4639	-2.38582	2.98035	0.00452281
928	-26.8639	-2.86011	3.67272	0.00523007
929	-27.0682	-3.3258	4.17144	0.00513224
930	-27.0085	-3.77911	4.32397	0.00497769
931	-26.9292	-4.22376	4.47351	0.00432889
932	-26.7048	-4.65358	4.6881	0.00451668
933	-26.6042	-5.06985	4.47501	0.00495048
934	-26.5699	-5.48029	4.16994	0.00446056
935	-26.4205	-5.88136	3.72356	0.00433993
936	-26.2716	-6.27301	3.34149	0.00442768
937	-25.9831	-6.65274	3.02969	0.00442052
938	-25.8845	-7.02454	2.68874	0.0043231
939	-25.8731	-7.38975	2.44125	0.00446197
940	-26.0969	-7.75272	2.37321	0.00466881
941	-26.5291	-8.11791	2.22442	0.00444756
942	-27.042	-8.48208	2.25283	0.00656429
943	-27.5709	-8.85362	2.73734	0.00463394
944	-28.0994	-9.22639	3.27793	0.00452873
945	-28.7133	-9.60148	4.19088	0.0045591
946	-29.1746	-9.97371	5.33187	0.00468502
947	-29.4266	-10.3383	6.6254	0.0046876
948	-29.3691	-10.6886	7.98547	0.00467152
949	-28.9855	-11.0204	9.21619	0.00436027
950	-28.3202	-11.3239	10.3654	0.0046966
951	-27.4633	-11.6053	11.3516	0.00408301
952	-26.4835	-11.8523	12.115	0.00454239
953	-25.3012	-12.0723	12.5345	0.00412776
954	-23.9892	-12.254	12.8216	0.00461185
955	-22.4556	-12.4022	12.7977	0.00443585
956	-21.076	-12.5175	12.3962	0.00464519
957	-19.8958	-12.6093	11.7614	0.00458539
958	-18.9562	-12.6857	11.146	0.00438568
959	-18.1436	-12.7463	10.6226	0.00444743
960	-17.3505	-12.7917	10.2234	0.00447935
961	-16.5391	-12.8216	9.91231	0.00450406
962	-15.6783	-12.8341	9.60649	0.00459027
963	-14.791	-12.8299	9.34256	0.00460939
964	-14.1284	-12.8126	9.00684	0.00472498
965	-13.4182	-12.7728	8.86103	0.00587929
966	-12.6269	-12.7308	8.64196	0.00449456
967	-11.6841	-12.6702	8.23595	0.00468581
968	-10.7821	-12.5918	7.49049	0.00503282
969	-9.91818	-12.5015	6.32557	0.00502677
970	-9.1809	-12.4025	4.79054	0.00525011
971	-8.53666	-12.3012	2.91455	0.00511523
972	-7.80951	-12.197	0.551805	0.00501353
973	-7.31142	-12.0969	-2.16535	0.00441339
974	-7.08709	-12.0072	-5.02531	0.00493057
975	-6.07946	-11.913	-7.57872	0.00494844
976	-4.6551	-11.8061	-9.38816	0.00514469
977	-3.52861	-11.6813	-10.6488	0.00443718
978	-2.41437	-11.5373	-11.7875	0.00395655
979	-1.3177	-11.3833	-12.6571	0.00436185
980	-0.299667	-11.2144	-13.1581	0.00425522
981	-0.552631	-11.0614	-12.6526	0.00467006
982	-2.10926	-10.9356	-10.749	0.00429531
983	-2.76417	-10.8161	-8.04305	0.00417076
984	-1.5094	-10.6619	-5.06868	0.00404797
985	-1.29927	-10.4979	-2.70743	0.00469181
986	-1.33055	-10.3263	-0.940611	0.00441431
987	-0.785343	-10.1397	0.658727	0.00462844
988	-0.100375	-9.93661	2.50107	0.00362747
989	0.569256	-9.71756	4.69034	0.0036433
990	1.23677	-9.48091	6.97009	0.00381988
991	3.13398	-9.20079	8.89393	0.00407426
992	6.09266	-8.85814	10.0454	0.00421985
993	8.58622	-8.46648	10.841	0.0043441
994	9.95456	-8.05166	11.3681	0.00436814
995	11.4028	-7.61467	11.9618	0.0042996
996	12.3334	-7.16362	12.6758	0.00444348
997	12.8732	-6.70783	13.671	0.00443122
998	13.2799	-6.24807	15.2711	0.00447881
999	14.2075	-5.77154	16.6297	0.00450518
1000	14.9708	-5.28839	18.1565	0.00419097
1001	16.0624	-4.78209	19.622	0.00445606
1002	17.1972	-4.25836	21.1069	0.00437589
1003	18.5738	-3.71691	22.6547	0.00409989
1004	19.014	-3.1659	23.7	0.00434168
1005	19.0611	-2.62025	23.6902	0.00435339
1006	19.2247	-2.08344	23.4839	0.00430314
1007	19.3017	-1.55216	23.107	0.00450073
1008	20.1627	-1.01816	22.3526	0.00440281
1009	20.9137	-0.491556	21.6019	0.00401572
1010	22.4984	0.0623548	20.4355	0.0044456
1011	23.6376	0.616449	18.9004	0.00412393
1012	24.7953	1.16992	17.088	0.00377359
1013	25.3949	1.72995	14.8957	0.0045101
1014	26.4508	2.28464	13.271	0.00412868
1015	27.5421	2.84404	12.8097	0.00417143
1016	28.5101	3.4146	12.6153	0.00455948
1017	29.582	3.98698	12.0747	0.00396676
1018	29.773	4.54861	11.0884	0.00387976
1019	29.6874	5.09419	10.1418	0.00393822
1020	28.991	5.61226	9.28349	0.00403876
1021	28.471	6.1098	8.69205	0.00443619
1022	28.1403	6.58506	8.21801	0.00406793
1023	27.8036	7.04452	7.80677	0.00435743
1024	27.6786	7.49062	7.54059	0.00436785
1025	27.6293	7.92745	7.09421	0.00460881
1026	27.8151	8.36184	6.65606	0.00526882
1027	27.7758	8.78129	6.1035	0.00477923
1028	27.8617	9.19073	5.63918	0.00465327
1029	27.8686	9.59268	5.15467	0.00513661
1030	27.6714	9.97797	4.61856	0.00469494
1031	27.4801	10.3485	3.92993	0.00453664
1032	26.9537	10.6999	3.17699	0.00500307
1033	26.5274	11.0303	2.4921	0.00445264
1034	26.121	11.3439	1.84608	0.00480811
1035	25.566	11.6388	1.28904	0.00579624
1036	25.0906	11.9136	0.506195	0.00456323
1037	24.5032	12.1676	-0.165243	0.00450069
1038	23.8714	12.401	-0.683401	0.00447456
1039	23.2098	12.6145	-1.16567	0.00400351
1040	22.607	12.8097	-1.65018	0.00408526
1041	22.0918	12.9881	-2.11675	0.00447514
1042	21.4198	13.1477	-2.50331	0.00434602
1043	20.703	13.2888	-2.96689	0.00408306
1044	19.8687	13.4078	-3.69964	0.00433423
1045	19.0748	13.5052	-4.41145	0.00440114
1046	17.8971	13.574	-5.34832	0.00438773
1047	16.8215	13.6124	-6.59026	0.00506732
1048	15.736	13.6253	-8.12978	0.00458664
1049	14.3258	13.6034	-9.74407	0.00450723
1050	12.9284	13.5512	-11.2896	0.00404922
1051	11.4203	13.4613	-12.8126	0.00427681
1052	10.2293	13.342	-14.4284	0.00435035
1053	8.60859	13.1853	-15.7706	0.00438848
1054	6.70597	12.9911	-16.6558	0.00418164
1055	4.93827	12.7657	-16.6439	0.00394172
1056	4.19056	12.5268	-15.5163	0.00413214
1057	3.76537	12.282	-13.6583	0.00457531
1058	3.07118	12.032	-11.7457	0.00491077
1059	2.00013	11.7764	-9.69547	0.00477581
1060	0.704913	11.5212	-7.50246	0.00355709
1061	-0.466139	11.251	-5.21747	0.00414243
1062	-1.88273	10.9675	-3.06259	0.00407114
1063	-2.77201	10.6805	-1.09464	0.00405656
1064	-3.33763	10.3955	0.995193	0.00434193
1065	-3.92356	10.1131	2.22292	0.00404693
1066	-5.00918	9.82007	2.58406	0.0043326
1067	-6.06078	9.51348	2.57135	0.00435606
1068	-6.94924	9.19587	2.76949	0.00462119
1069	-7.2401	8.88145	3.25027	0.00526857
1070	-7.07583	8.57854	3.47757	0.00509603
1071	-6.65485	8.29061	3.66449	0.00491136
1072	-6.57504	8.00863	4.06676	0.00426968
1073	-5.77543	7.75195	4.37706	0.00476798
1074	-5.18499	7.51543	4.18191	0.00518028
1075	-5.29167	7.27985	4.10714	0.00501732
1076	-5.78242	7.03868	4.14377	0.00498715
1077	-6.43598	6.78947	4.22901	0.00499503
1078	-7.23042	6.52966	4.15648	0.00496673
1079	-8.09575	6.2588	3.52991	0.00531553
1080	-9.21943	5.96604	3.12241	0.00485715
1081	-10.6384	5.65	2.55565	0.0052462
1082	-11.6942	5.31422	2.27975	0.00443181
1083	-13.113	4.95561	2.06291	0.00444864
1084	-14.1221	4.58317	1.99039	0.00450814
1085	-14.5914	4.20825	1.85206	0.00439177
1086	-14.8538	3.83486	1.48344	0.0043266
1087	-14.905	3.46651	1.21651	0.00443794
1088	-14.7975	3.10654	0.903973	0.00445376
1089	-14.8324	2.75229	0.711814	0.00510453
1090	-14.8463	2.40348	0.525636	0.00453906
1091	-14.767	2.06271	0.303568	0.00512515
1092	-14.704	1.72884	-0.234779	0.00492602
1093	-15.0313	1.39263	-0.687887	0.00439106
1094	-15.6557	1.04817	-1.03482	0.00518028
1095	-16.3133	0.696109	-1.39372	0.00476311
1096	-17.0213	0.335301	-1.56121	0.00472961
1097	-17.99	-0.0389361	-1.873	0.00505286
1098	-18.8257	-0.424321	-1.89019	0.00525686
1099	-19.5601	-0.817284	-1.91113	0.0055317
1100	-21.5632	-1.24089	-2.03151	0.00464131
1101	-23.1726	-1.68948	-2.08535	0.0049984
1102	-24.8678	-2.16466	-1.68084	0.00568099
1103	-26.6623	-2.66299	-1.06099	0.00508561
1104	-27.3077	-3.16068	-0.335719	0.00461369
1105	-27.9095	-3.65698	0.503204	0.00404301
1106	-28.2942	-4.14758	1.45129	0.00436039
1107	-28.8542	-4.63543	2.25433	0.00441856
1108	-29.4384	-5.12178	2.94969	0.00439489
1109	-30.7928	-5.62099	4.00021	0.00491307
1110	-30.5368	-6.10248	5.1943	0.0042941
1111	-30.2107	-6.56202	6.1521	0.00444368
1112	-30.4658	-7.01497	6.62689	0.00416706
1113	-30.101	-7.44839	6.90429	0.00435885
1114	-30.5303	-7.87946	7.04636	0.00451648
1115	-31.0479	-8.31164	7.11066	0.00451669
1116	-31.9172	-8.74943	7.2774	0.00492573
1117	-31.77	-9.17745	7.40376	0.00454189
1118	-29.8817	-9.55893	7.10019	0.00449339
1119	-29.7104	-9.93184	6.61792	0.00432956
1120	-29.216	-10.2893	6.34053	0.00434827
1121	-28.6464	-10.6311	6.61718	0.00408593
1122	-27.4824	-10.9401	7.24899	0.00432502
1123	-26.48	-11.2152	7.75369	0.00501932
1124	-26.8412	-11.4926	8.16044	0.00462002
1125	-26.9469	-11.7581	8.29727	0.00544886
1126	-26.4279	-12.0061	8.36306	0.00558433
1127	-25.7993	-12.2461	8.70402	0.00438127
1128	-26.4835	-12.4935	9.38069	0.00436993
1129	-24.7364	-12.6957	9.85997	0.00464885
1130	-23.9721	-12.8753	9.85324	0.00475173
1131	-23.765	-13.0433	9.31265	0.0051502
1132	-23.8877	-13.2175	8.54849	0.00467856
1133	-24.0127	-13.3962	7.90921	0.00444123
1134	-23.0744	-13.5558	7.34469	0.00438623
1135	-22.4133	-13.7011	7.04636	0.0044266
1136	-21.9394	-13.83	6.56783	0.00518703
1137	-21.5546	-13.9506	5.84106	0.00527203
1138	-21.1227	-14.0677	5.1285	0.00459252
1139	-20.7773	-14.1791	4.55725	0.00454885
1140	-20.4305	-14.2838	4.04956	0.00454577
1141	-19.5657	-14.3713	3.7602	0.0045601
1142	-18.3706	-14.4346	3.20167	0.00453027
1143	-17.3293	-14.4786	2.58481	0.00444456
1144	-16.313	-14.503	1.78477	0.00485465
1145	-15.1664	-14.5083	0.891263	0.0045081
1146	-14.2555	-14.4994	-0.00448625	0.00447573
1147	-13.9204	-14.4878	-0.56003	0.00402164
1148	-13.4776	-14.4704	-1.19558	0.00518299
1149	-13.116	-14.4486	-1.67859	0.00450877
1150	-12.8302	-14.4236	-1.91935	0.00444748
1151	-12.4045	-14.3909	-1.99113	0.00407772
1152	-11.9273	-14.35	-1.78253	0.00432323
1153	-11.4438	-14.2995	-1.40568	0.00433168
1154	-10.7529	-14.2342	-0.909955	0.00410856
1155	-10.0099	-14.1536	-0.480026	0.00433139
1156	-9.31324	-14.0587	-0.190664	0.00411985
1157	-8.26126	-13.9436	-0.154027	0.00446381
1158	-7.27703	-13.8109	-0.00299085	0.00407918
1159	-6.29804	-13.6606	-0.361141	0.00454435
1160	-5.18214	-13.4927	-0.700598	0.00446685
1161	-4.68722	-13.3193	-1.21427	0.0039408
1162	-4.35391	-13.1455	-1.42961	0.00467181
1163	-3.994	-12.9683	-1.64869	0.00413381
1164	-3.77761	-12.7909	-1.4341	0.00397655
1165	-3.6303	-12.6134	-0.718543	0.00405543
1166	-2.93885	-12.4227	0.225806	0.00406493
1167	-2.11053	-12.2154	1.19109	0.00479981
1168	-1.55693	-11.9976	2.02927	0.00401835
1169	-0.959273	-11.7687	3.3871	0.00408151
1170	-0.336978	-11.5257	4.6223	0.00433548
1171	0.772561	-11.2606	5.94424	0.00422081
1172	2.14839	-10.964	6.76672	0.00488123
1173	3.43698	-10.65	7.66845	0.00391093
1174	4.75971	-10.3079	8.16417	0.00451693
1175	6.20414	-9.93678	8.14174	0.00510624
1176	6.99433	-9.55951	7.93613	0.00484365
1177	7.46669	-9.1785	7.8449	0.00520528
1178	8.00063	-8.79798	8.0266	0.0048044
1179	8.69136	-8.41244	7.96454	0.00454502
1180	9.34896	-8.02244	7.76565	0.00445577
1181	9.99005	-7.62863	7.43217	0.00440898
1182	10.5169	-7.23339	7.15403	0.00443994
1183	11.1259	-6.83593	6.6912	0.00431739
1184	11.6102	-6.43842	6.2022	0.0043606
1185	12.0405	-6.04194	5.83358	0.00442552
1186	12.7119	-5.64134	5.48665	0.00446485
1187	13.3925	-5.23946	5.06345	0.00394214
1188	14.0783	-4.83288	4.51389	0.00407531
1189	14.5917	-4.4248	4.18116	0.00442902
1190	13.8529	-4.0428	3.7931	0.00401397
1191	14.3271	-3.65794	3.62188	0.00469723
1192	14.4528	-3.28073	3.62113	0.00422556
1193	14.6636	-2.90505	3.68244	0.00473198
1194	15.2589	-2.52681	3.92918	0.00414531
1195	15.648	-2.14352	4.28658	0.00514028
1196	15.9157	-1.76601	4.76287	0.0038873
1197	16.3458	-1.3863	5.4859	0.00374313
1198	17.315	-0.990319	6.00556	0.00408364
1199	18.4901	-0.574779	6.2523	0.00440606
1200	20.4402	-0.125991	6.59699	0.00464931
1201	20.9467	0.321431	7.24076	0.0040166
1202	22.0294	0.783846	7.97351	0.00398189
1203	23.4379	1.26481	8.71897	0.00356884
1204	24.4765	1.76241	9.55116	0.00390451
1205	25.6174	2.27992	10.2144	0.00431677
1206	26.8848	2.81877	11.0443	0.00467131
1207	27.9487	3.37088	11.7561	0.00457373
1208	28.5261	3.92635	12.7244	0.00454539
1209	28.9158	4.48048	13.9394	0.00435764
1210	29.7571	5.04712	15.141	0.0044736
1211	30.4847	5.63065	15.9134	0.00503899
1212	31.0892	6.21966	16.5145	0.00511957
1213	31.3704	6.80566	17.0574	0.00512799
1214	31.5919	7.38987	17.0058	0.00529291
1215	31.8546	7.95614	16.8772	0.00461894
1216	32.1941	8.51668	16.5302	0.0045821
1217	32.2239	9.06617	15.4857	0.00465077
1218	32.0434	9.60583	14.1294	0.00527907
1219	32.2687	10.1161	12.8067	0.00411764
1220	32.3643	10.6116	11.65	0.00402351
1221	32.6934	11.0991	10.5075	0.00401939
1222	33.1222	11.5914	9.35227	0.00503661
1223	33.2846	12.0682	8.11333	0.0046856
1224	33.3553	12.5313	7.09571	0.00469523
1225	33.2166	12.9772	6.1035	0.00462923
1226	32.8346	13.4021	5.04625	0.00464802
1227	32.7019	13.8087	4.54379	0.00416081
1228	32.6705	14.2087	4.28733	0.00511003
1229	32.2339	14.5888	3.78936	0.00465577
1230	31.9146	14.9528	2.93175	0.00471952
1231	31.1686	15.2904	1.98814	0.00462314
1232	30.2616	15.5991	1.00342	0.00473831
1233	29.3383	15.8784	0.103183	0.00462606
1234	28.1772	16.1248	-0.702094	0.00464427
1235	26.9796	16.338	-1.01837	0.00570254
1236	25.9174	16.5245	-1.41989	0.00512203
1237	25.0354	16.6877	-1.88421	0.00504311
1238	24.1439	16.827	-2.34928	0.00533441
1239	23.2294	16.942	-2.931	0.00564774
1240	22.1281	17.0285	-3.28167	0.0059915
1241	21.1379	17.0963	-3.45364	0.00447731
1242	20.0917	17.1423	-3.67646	0.00411193
1243	19.4067	17.1712	-4.04732	0.00453744
1244	18.7336	17.1845	-4.46005	0.00452677
1245	18.0502	17.1822	-5.41412	0.00448331
1246	17.044	17.1547	-6.22239	0.00466727
1247	15.7011	17.0973	-6.73681	0.00464835
1248	14.2719	17.0075	-6.96336	0.00503544
1249	12.6181	16.8894	-6.70316	0.0044514
1250	11.0305	16.745	-6.16556	0.00413606
1251	9.35592	16.5659	-5.17411	0.00518895
1252	7.73681	16.366	-4.07648	0.0045909
1253	5.95129	16.1395	-2.51079	0.00457348
1254	4.55966	15.8963	-0.600406	0.00472402
1255	3.28892	15.6413	1.53578	0.00473615
1256	2.39451	15.3831	3.71534	0.00448702
1257	1.67986	15.125	5.68479	0.00437619
1258	1.30925	14.8754	7.09421	0.00478719
1259	1.12638	14.6264	8.0752	0.00373672
1260	1.14952	14.389	8.42886	0.00406114
1261	1.21532	14.1589	8.07594	0.00404451
1262	1.17734	13.9279	7.59517	0.00361772
1263	1.02109	13.7048	6.5596	0.00470648
1264	0.51761	13.4663	5.31318	0.00392943
1265	-0.090868	13.2179	3.94414	0.0043656
1266	-0.836424	12.9538	2.45097	0.00439773
1267	-1.62459	12.6729	0.878552	0.00444585
1268	-2.73028	12.3688	-0.563768	0.00453706
1269	-3.81986	12.0425	-1.86402	0.00451327
1270	-5.0388	11.6924	-3.04689	0.0046399
1271	-6.19507	11.3216	-4.0862	0.00436402
1272	-7.29522	10.9315	-5.03952	0.00443473
1273	-8.42247	10.5267	-5.77526	0.0035973
1274	-9.28901	10.1079	-6.38389	0.00396022
1275	-9.98438	9.67814	-6.9013	0.0044691
1276	-10.897	9.23744	-7.09645	0.00431685
1277	-11.6637	8.78771	-7.27142	0.00456027
1278	-12.5438	8.32493	-7.29684	0.00507294
1279	-13.4631	7.85476	-7.28263	0.00481078
1280	-14.6868	7.37179	-7.01795	0.00450385
1281	-16.1359	6.87183	-6.55512	0.00433373
1282	-17.4512	6.36001	-5.81938	0.00394747
1283	-18.5591	5.83894	-5.09635	0.00397955
1284	-19.4585	5.31134	-4.49445	0.00433423
1285	-20.318	4.78213	-4.06751	0.00377455
1286	-20.8495	4.25132	-3.89703	0.00455919
1287	-21.7065	3.71684	-3.49327	0.00401206
1288	-22.2453	3.18419	-3.03867	0.00391893
1289	-22.7312	2.65572	-2.50855	0.00341188
1290	-23.2776	2.12697	-1.99338	0.0040991
1291	-23.4417	1.60769	-1.70177	0.00404947
1292	-23.8261	1.09185	-1.53877	0.00429797
1293	-24.5863	0.571583	-1.26437	0.00444373
1294	-25.5162	0.0448116	-0.996689	0.00404826
1295	-26.6598	-0.493622	-0.583956	0.00444485
1296	-27.7062	-1.04039	-0.0388806	0.00439485
1297	-28.4695	-1.58914	0.225059	0.0045286
1298	-29.3251	-2.14279	0.506943	0.00487615
1299	-30.0726	-2.69915	0.711814	0.00449981
1300	-30.4435	-3.251	0.768639	0.00434768
1301	-31.044	-3.80387	0.897992	0.00397114
1302	-31.3817	-4.35183	0.984726	0.00408993
1303	-31.4586	-4.88966	1.0266	0.00446219
1304	-31.1888	-5.41086	1.31521	0.00474694
1305	-30.7284	-5.91146	1.32119	0.00446577
1306	-30.3206	-6.39423	1.37054	0.00418085
1307	-30.2049	-6.86483	1.70252	0.00418185
1308	-29.7311	-7.31421	1.96646	0.00475681
1309	-28.9032	-7.73758	2.4405	0.00436839
1310	-28.0386	-8.12819	3.50897	0.00643968
1311	-26.9907	-8.48967	4.59987	0.00458856
1312	-25.8349	-8.81624	5.84629	0.00451085
1313	-24.467	-9.10321	7.12562	0.00454535
1314	-23.1513	-9.35355	8.20231	0.00438493
1315	-21.679	-9.56381	9.53771	0.00450985
1316	-20.1341	-9.72653	10.7109	0.00520828
1317	-18.2103	-9.8441	11.7487	0.00496423
1318	-16.5353	-9.91878	12.8134	0.00513724
1319	-15.1958	-9.95757	13.6344	0.00531582
1320	-13.8423	-9.97268	14.1032	0.00468335
1321	-11.8725	-9.94023	14.4232	0.00509736
1322	-10.2907	-9.88358	14.3567	0.00450344
1323	-9.03332	-9.80422	13.8549	0.00443239
1324	-7.6328	-9.70063	13.1858	0.00443093
1325	-6.37204	-9.58225	12.4306	0.00400897
1326	-5.44762	-9.44685	11.6156	0.00432718
1327	-4.43439	-9.28983	10.6174	0.00498665
1328	-3.19783	-9.11268	9.72463	0.00531549
1329	-1.62028	-8.91687	8.63897	0.00482369
1330	-0.115738	-8.70153	7.21609	0.00464315
1331	0.904778	-8.47234	5.84629	0.00524149
1332	2.18379	-8.23655	4.35089	0.00395689
1333	3.73527	-7.98077	3.18596	0.00383176
1334	4.55287	-7.71779	2.21993	0.00394451
1335	5.49852	-7.44418	1.4341	0.00426514
1336	6.86248	-7.1516	0.835933	0.0045881
1337	7.68028	-6.85163	0.642277	0.00406189
1338	7.92564	-6.55256	0.835185	0.00561199
1339	8.15738	-6.25472	1.52457	0.00444398
1340	8.54324	-5.95135	2.70669	0.00495686
1341	9.07198	-5.63878	4.10938	0.0045651
1342	9.62253	-5.31538	5.95022	0.00451206
1343	10.1999	-4.97741	8.06847	0.00474402
1344	11.1774	-4.6173	10.1441	0.00468152
1345	12.0164	-4.24126	12.2765	0.00436264
1346	12.5913	-3.85414	14.5787	0.00419422
1347	13.6519	-3.44205	16.8084	0.00433798
1348	14.8913	-2.99954	18.5916	0.0046041
1349	16.7616	-2.5287	20.2403	0.0041501
1350	18.3411	-2.03269	21.003	0.00396347
1351	19.5251	-1.51312	21.3761	0.00429552
1352	20.5892	-0.961271	21.0329	0.00524141
1353	21.404	-0.422778	20.2822	0.00442394
1354	23.0323	0.139721	19.2048	0.0046989
1355	24.5986	0.692577	17.651	0.00338338
1356	26.1404	1.28192	15.4483	0.00464723
1357	27.7676	1.88283	13.0631	0.00470269
1358	29.473	2.49777	10.8626	0.00493182
1359	29.895	3.10161	8.34362	0.00525061
1360	30.1725	3.68872	6.1693	0.00558816
1361	30.4098	4.25111	4.3464	0.00462619
1362	30.4517	4.79445	3.08727	0.00453635
1363	30.5641	5.32519	2.16909	0.00507445
1364	29.8337	5.82621	1.51036	0.00510103
1365	29.288	6.30863	1.03781	0.00891216
1366	28.9626	6.76553	0.858364	0.00375376
1367	28.309	7.19981	0.763405	0.00405614
1368	27.7992	7.61456	0.391797	0.00369318
1369	27.6553	8.01692	0.207114	0.00401331
1370	27.5365	8.40829	0.404508	0.00483519
1371	27.8019	8.79777	0.619099	0.00405056
1372	28.3686	9.1918	0.844157	0.00430681
1373	29.0568	9.59265	0.977996	0.00429248
1374	29.8508	10.0018	1.12305	0.00413035
1375	30.1932	10.41	1.62476	0.00401143
1376	30.3981	10.817	2.10179	0.00451827
1377	30.4424	11.2212	2.63341	0.00567749
1378	30.5192	11.6186	3.02371	0.00445048
1379	30.5204	12.0116	3.44093	0.00503915
1380	30.4811	12.3966	3.62636	0.00464181
1381	30.3053	12.7737	3.87909	0.0053177
1382	30.1425	13.1398	4.06003	0.00491978
1383	29.9268	13.4945	4.27686	0.00475773
1384	29.7277	13.8397	4.30453	0.00490644
1385	29.5955	14.1773	4.12134	0.00532795
1386	29.4944	14.5043	4.08097	0.00512515
1387	29.6051	14.8249	3.95909	0.00463327
1388	29.6745	15.1395	3.87684	0.00454789
1389	29.7405	15.4494	3.7774	0.00470807
1390	29.7352	15.7527	3.60916	0.00475452
1391	29.6182	16.0461	3.12316	0.00454135
1392	29.3518	16.3259	2.72239	0.00446869
1393	28.8691	16.5873	2.23115	0.0039488
1394	28.1468	16.8292	2.15339	0.00490207
1395	27.5532	17.0542	2.09656	0.00497578
1396	26.9847	17.2629	1.88347	0.00490986
1397	26.3295	17.4541	1.56719	0.00537657
1398	25.5294	17.6245	1.29727	0.00575758
1399	24.7488	17.7726	0.909207	0.00446706
1400	24.0287	17.9018	0.542833	0.00455006
1401	23.3551	18.0133	0.23104	0.00451514
1402	22.7579	18.1092	-0.282632	0.00463856
1403	22.1767	18.1894	-0.967528	0.00439977
1404	21.5956	18.2532	-1.73766	0.00450114
1405	20.7344	18.2954	-2.59453	0.00438314
1406	19.7297	18.312	-3.35644	0.00473452
1407	18.629	18.3027	-3.88357	0.00475077
1408	17.703	18.2726	-4.11686	0.00476448
1409	16.7802	18.2233	-4.30752	0.00482444
1410	15.7541	18.1543	-4.28733	0.00465635
1411	14.6557	18.0646	-4.09816	0.00469594
1412	13.464	17.9546	-3.65253	0.00447569
1413	12.4264	17.8287	-2.82333	0.00426485
1414	11.5154	17.6904	-1.94552	0.00437889
1415	10.7448	17.5433	-0.875561	0.00424464
1416	10.0561	17.3891	0.349178	0.00527541
1417	9.45679	17.232	1.45877	0.00460086
1418	8.8771	17.0713	2.15638	0.00448456
1419	8.24603	16.9067	2.92875	0.00560595
1420	7.76151	16.7388	3.31532	0.00523153
1421	7.43767	16.5689	3.45439	0.00497194
1422	7.25251	16.3992	3.25027	0.00490015
1423	6.9608	16.2269	2.86595	0.00517628
1424	6.3518	16.0441	2.31265	0.00524253
1425	5.5729	15.8451	1.78776	0.00458765
1426	4.69604	15.6297	1.08567	0.00433989
1427	3.75021	15.3968	0.298334	0.00444185
1428	2.7105	15.1443	-0.205618	0.00402093
1429	1.7273	14.8751	-0.752937	0.00434673
1430	0.796709	14.5901	-0.926405	0.0046199
1431	-0.249718	14.2892	-0.880047	0.00447894
1432	-1.35382	13.9726	-0.512177	0.00440914
1433	-2.25685	13.6459	-0.106174	0.00405368
1434	-2.94401	13.3136	0.400021	0.00483777
1435	-3.35102	12.9821	0.757424	0.00455069
1436	-3.69419	12.6523	1.09838	0.00501928
1437	-3.99496	12.3249	1.44008	0.00508428
1438	-4.17214	12.0011	1.54625	0.00437689
1439	-4.34604	11.681	1.57691	0.00449681
1440	-4.56733	11.3623	1.52457	0.00408172
1441	-4.80428	11.045	1.18212	0.0040041
1442	-5.02913	10.7298	0.573489	0.00541899
1443	-5.43842	10.4089	-0.456099	0.00445202
1444	-5.64395	10.0858	-1.9216	0.00455756
1445	-6.18938	9.75233	-3.40579	0.00423139
1446	-6.93095	9.40408	-4.70006	0.0043706
1447	-7.74721	9.04128	-5.60703	0.00429352
1448	-8.06773	8.67481	-6.22463	0.00441894
1449	-8.26463	8.30897	-7.10917	0.00443514
1450	-9.49833	7.92263	-8.23147	0.00433368
1451	-10.6556	7.5187	-9.15638	0.0040128
1452	-12.4897	7.07854	-9.58107	0.00445631
1453	-15.531	6.58368	-9.15189	0.0045441
1454	-18.1742	6.04859	-7.93538	0.00445264
1455	-20.0685	5.48475	-6.43997	0.00533557
1456	-21.4353	4.91431	-5.17859	0.00507699
1457	-22.5352	4.34079	-4.38229	0.00483378
1458	-24.1979	3.7487	-3.52019	0.0049644
1459	-25.9281	3.14095	-2.08908	0.00412056
1460	-26.7235	2.53358	-0.213843	0.00492303
1461	-27.4584	1.93282	1.69056	0.0043651
1462	-27.414	1.35314	3.16204	0.00437827
1463	-25.9016	0.821829	3.89105	0.00444831
1464	-24.8151	0.329424	4.04881	0.00533228
1465	-24.258	-0.138568	4.06003	0.00598725
1466	-24.0463	-0.599576	4.08769	0.00430977
1467	-23.816	-1.04405	4.1834	0.00495678
1468	-23.7228	-1.47866	4.05853	0.00462452
1469	-23.7968	-1.90716	3.64655	0.00449085
1470	-23.7964	-2.32996	3.11119	0.00419439
1471	-23.9719	-2.75051	2.63341	0.00402964
1472	-24.2592	-3.16984	2.29695	0.00420318
1473	-24.6545	-3.59012	2.48611	0.00418273
1474	-25.0288	-4.00736	2.80688	0.00473352
1475	-25.3015	-4.41892	3.11419	0.00520541
1476	-25.5396	-4.82582	3.74151	0.00508361
1477	-25.683	-5.22632	4.43014	0.00453852
1478	-25.648	-5.61542	5.28925	0.00445394
1479	-25.406	-5.98592	6.28968	0.00488361
1480	-25.0934	-6.34158	7.3589	0.00429623
1481	-24.5239	-6.668	8.46326	0.00516295
1482	-23.867	-6.96899	9.61621	0.00518303
1483	-23.1356	-7.248	10.5389	0.00470265
1484	-22.2875	-7.50317	11.3688	0.00441715
1485	-21.334	-7.73229	12.2093	0.00426364
1486	-20.453	-7.93786	12.7095	0.00408201
1487	-19.6002	-8.10656	13.1028	0.00518174
1488	-18.7178	-8.26329	13.3248	0.00432181
1489	-17.7175	-8.38861	13.2411	0.0048834
1490	-16.7336	-8.49907	13.037	0.00434939
1491	-15.8856	-8.57978	12.536	0.00524574
1492	-15.1455	-8.65832	11.8571	0.00429564
1493	-14.5691	-8.72593	11.0503	0.00435527
1494	-14.1961	-8.78769	10.254	0.0043994
1495	-13.8128	-8.84436	9.37545	0.0043621
1496	-13.4164	-8.89287	8.76084	0.00467219
1497	-12.9908	-8.93312	8.18287	0.00485848
1498	-12.5468	-8.9696	7.68265	0.00446248
1499	-12.11	-8.99859	7.3731	0.00449277
1500	-11.6131	-9.01487	7.17048	0.00498345
1501	-10.9539	-9.01829	7.21908	0.00503215
1502	-10.2084	-9.00295	7.23029	0.0055317
1503	-9.26303	-8.97749	7.29534	0.00432806
1504	-8.21516	-8.93023	7.3245	0.00447777
1505	-7.26806	-8.86578	7.33647	0.00434777
1506	-6.26927	-8.78102	7.10991	0.00456602
1507	-5.35047	-8.68226	6.83027	0.00432714
1508	-4.4496	-8.57205	6.47287	0.0038178
1509	-3.7729	-8.44214	6.18575	0.00534832
1510	-3.13418	-8.30977	5.75208	0.00432318
1511	-2.71655	-8.1749	5.39767	0.00408152
1512	-2.36438	-8.03625	5.15691	0.00424164
1513	-2.00152	-7.89478	5.04027	0.00411072
1514	-1.68092	-7.74775	5.10532	0.0046069
1515	-1.34707	-7.5963	5.21	0.0046854
1516	-1.03393	-7.44183	5.616	0.00454652
1517	-0.662952	-7.28046	5.97714	0.00468711
1518	-0.14086	-7.11005	6.4467	0.00471461
1519	0.506374	-6.92772	6.88934	0.00474836
1520	1.1872	-6.73468	7.47928	0.00455415
1521	1.99288	-6.52388	7.90921	0.00494478
1522	2.84604	-6.29925	8.40493	0.0048034
1523	3.68219	-6.06236	8.8543	0.00452377
1524	4.60989	-5.80646	9.01656	0.0048934
1525	5.69978	-5.53731	9.05394	0.00441664
1526	6.70395	-5.24969	8.7242	0.00482215
1527	7.67856	-4.94871	8.66364	0.00496132
1528	8.58681	-4.63394	8.45054	0.00518999
1529	9.37129	-4.31164	8.25315	0.0050949
1530	10.1795	-3.9875	7.91743	0.00424277
1531	11.2003	-3.64253	7.49049	0.00531149
1532	11.6696	-3.28818	7.0658	0.0065533
1533	11.4738	-2.95555	6.68522	0.00540024
1534	11.2667	-2.6363	6.71438	0.00531191
1535	10.9665	-2.33147	6.72185	0.00498128
1536	11.0099	-2.03409	6.88859	0.00463765
1537	11.0809	-1.73817	6.85495	0.00498015
1538	11.0447	-1.45341	7.00598	0.00433235
1539	11.119	-1.17117	7.23328	0.00448573
1540	11.2776	-0.891654	7.50769	0.00430798
1541	11.3686	-0.61292	7.91145	0.0045571
1542	12.0378	-0.324195	8.1709	0.00460586
1543	13.296	-0.0155516	8.14025	0.00452573
1544	14.4903	0.309816	7.65873	0.00441885
1545	15.686	0.650303	7.1129	0.00439198
1546	16.8127	1.00538	6.68522	0.00456656
1547	17.794	1.36549	6.33529	0.00371372
1548	18.7561	1.73855	5.84555	0.00406772
1549	19.5924	2.11887	5.18233	0.00405751
1550	19.8737	2.49341	4.53557	0.0038278
1551	20.0293	2.86426	3.81703	0.00452902
1552	19.8359	3.22025	3.21886	0.0044249
1553	19.6965	3.56254	2.90483	0.00404851
1554	19.3465	3.89168	3.00427	0.0047269
1555	18.8782	4.20648	3.30784	0.00512024
1556	18.4851	4.50639	3.58449	0.00442281
1557	18.0866	4.79305	3.44392	0.00428481
1558	17.6815	5.06702	3.42972	0.00480069
1559	17.257	5.32576	3.62786	0.00444415
1560	17.4963	5.58364	4.06601	0.00407214
1561	17.6369	5.84261	4.80325	0.00449106
1562	18.1211	6.11269	5.34907	0.0052082
1563	18.5656	6.38636	5.79919	0.00469398
1564	19.2835	6.67115	6.15435	0.00472507
1565	20.1562	6.96886	6.45343	0.00464323
1566	20.7414	7.27241	6.60073	0.00444373
1567	21.4346	7.5887	7.05458	0.00510799
1568	22.132	7.91834	7.36189	0.00560929
1569	22.8295	8.25097	7.58545	0.00476811
1570	23.2158	8.58976	7.569	0.00531374
1571	23.5931	8.92858	7.28787	0.00522436
1572	23.7629	9.25924	7.31852	0.00475565
1573	23.8894	9.58343	7.35665	0.00440531
1574	23.8403	9.89951	7.29833	0.0042906
1575	23.7667	10.2069	7.37535	0.00419818
1576	23.709	10.5086	7.53909	0.00438848
1577	23.4875	10.8035	7.88079	0.00477994
1578	23.4253	11.091	8.21876	0.00454177
1579	23.4954	11.3743	8.6771	0.00436298
1580	23.6411	11.6573	9.09507	0.00443406
1581	23.9362	11.9388	9.51826	0.00402672
1582	24.0514	12.2227	9.7037	0.00447144
1583	24.1572	12.5035	9.70818	0.00442065
1584	24.332	12.7809	9.42704	0.00429548
1585	24.4903	13.0569	9.21993	0.00452898
1586	24.7831	13.3285	8.93506	0.00409918
1587	25.1879	13.6019	8.67411	0.00413272
1588	25.533	13.8798	8.40269	0.00462136
1589	25.8035	14.1522	7.76864	0.00411572
1590	25.8831	14.4216	7.09122	0.00457369
1591	25.8185	14.6824	6.3151	0.00472944
1592	25.9486	14.9366	5.62198	0.00466911
1593	25.856	15.1854	5.06569	0.00551945
1594	25.8516	15.4244	4.74792	0.00516753
1595	25.7605	15.6529	4.25742	0.00469073
1596	25.4987	15.8692	3.989	0.00463665
1597	25.2521	16.0748	3.33551	0.00458698
1598	24.8591	16.2673	2.76426	0.00514841
1599	24.3769	16.4472	2.47191	0.00654251
1600	23.993	16.6094	2.36872	0.00464573
1601	23.5718	16.7591	2.29844	0.00451381
1602	23.1668	16.8981	2.32835	0.00481494
1603	22.9214	17.0292	2.33508	0.0046344
1604	22.6635	17.1521	2.38293	0.00450456
1605	22.4624	17.2686	2.47041	0.00440244
1606	22.2284	17.3786	2.0988	0.00444114
1607	21.9043	17.4783	2.28947	0.00447244
1608	21.5816	17.5705	2.20498	0.00449785
1609	21.3188	17.6557	2.08759	0.00477869
1610	21.0215	17.7324	1.78701	0.00455206
1611	20.8214	17.803	1.61055	0.00503599
1612	20.5968	17.8673	1.2382	0.00532353
1613	20.3959	17.9248	1.00043	0.00572554
1614	20.1079	17.9729	0.762658	0.00456011
1615	19.7063	18.0113	0.532365	0.00502778
1616	19.2446	18.0386	0.5862	0.00503249
1617	18.8417	18.0579	0.332728	0.00556216
1618	18.3634	18.0656	0.482269	0.00501494
1619	17.9249	18.065	0.48825	0.00461073
1620	17.5883	18.0578	0.503204	0.00492194
1621	17.2028	18.0432	0.509934	0.0051332
1622	16.9193	18.023	0.681158	0.00438706
1623	16.5988	17.9975	0.842662	0.00449277
1624	16.3278	17.9679	1.06473	0.00463198
1625	16.096	17.9352	1.08193	0.0045709
1626	15.9602	17.9009	1.141	0.00483986
1627	15.6329	17.8609	1.24418	0.00484682
1628	15.5293	17.82	1.14772	0.00468861
1629	15.2892	17.7744	1.14324	0.00447052
1630	14.9979	17.7239	1.10585	0.00445906
1631	14.7187	17.6688	0.900235	0.00464152
1632	14.319	17.6056	0.831446	0.00432843
1633	13.9465	17.5366	0.627323	0.00509499
1634	13.5131	17.459	0.470306	0.00463002
1635	13.0948	17.3738	0.524888	0.00446585
1636	12.7325	17.283	0.636296	0.00405685
1637	12.4734	17.1895	0.695364	0.00431506
1638	12.0784	17.0903	0.88229	0.00445952
1639	11.7497	16.9875	1.03333	0.00462573
1640	11.4481	16.8819	1.41914	0.0050952
1641	10.9445	16.7693	1.95824	0.00441294
1642	10.5634	16.6542	2.41359	0.00470061
1643	10.2997	16.5381	2.9153	0.00466765
1644	10.146	16.4202	3.34672	0.00347276
1645	10.0459	16.3062	3.78861	0.00410756
1646	9.94361	16.1941	4.04582	0.00407897
1647	9.89656	16.0854	4.48846	0.00436131
1648	9.89971	15.9776	4.69483	0.00361526
1649	9.95709	15.8757	4.86306	0.00402639
1650	10.0821	15.7794	4.86531	0.00410393
1651	10.3283	15.6898	4.68735	0.00406443
1652	10.4557	15.6054	4.2978	0.00442394
1653	10.4646	15.5214	3.81104	0.00445577
1654	10.3198	15.4337	3.22185	0.00437006
1655	10.0774	15.3408	2.45471	0.00453027
1656	9.75904	15.2398	1.73243	0.00439756
1657	9.33644	15.1286	0.655736	0.00408222
1658	8.80065	15.0048	-0.320017	0.00415802
1659	8.11025	14.8655	-1.50513	0.00444406
1660	7.28455	14.7067	-2.72314	0.00482007
1661	6.49374	14.5299	-3.83273	0.0047009
1662	5.75424	14.3382	-4.86979	0.00430981
1663	5.07211	14.129	-5.81639	0.00501936
1664	4.3983	13.9055	-6.79064	0.0050664
1665	3.87316	13.6734	-7.77013	0.00472048
1666	3.26761	13.4311	-8.66738	0.00448694
1667	2.60423	13.1636	-9.35302	0.00599846
1668	2.33893	12.906	-9.96016	0.00448506
1669	2.12117	12.6461	-9.93249	0.00453335
1670	1.9847	12.3887	-9.34928	0.00453619
1671	1.78969	12.1359	-8.5941	0.0044536
1672	1.42829	11.8798	-7.81425	0.00498678
1673	0.926872	11.6249	-7.10767	0.00468048
1674	0.0793216	11.3659	-6.31884	0.00402972
1675	-0.968209	11.0937	-5.36477	0.00411714
1676	-2.06313	10.809	-4.38603	0.0041116
1677	-2.96769	10.5161	-3.417	0.00403247
1678	-3.9579	10.213	-2.4106	0.0040701
1679	-4.88789	9.90135	-2.05544	0.00407168
1680	-5.61553	9.58266	-2.20124	0.00414306
1681	-6.46191	9.25032	-2.31788	0.00530991
1682	-7.14458	8.9126	-2.39489	0.00432435
1683	-7.29046	8.57667	-2.12049	0.00505378
1684	-7.32608	8.24865	-1.78028	0.00479953
1685	-6.88299	7.93779	-1.3668	0.00471486
1686	-6.46564	7.6437	-1.11333	0.00449619
1687	-5.97517	7.36642	-0.75219	0.00449281
1688	-5.55474	7.10488	-0.277398	0.00422489
1689	-5.09969	6.85961	0.446379	0.00433173
1690	-4.67308	6.63142	1.23446	0.00563729
1691	-3.99271	6.42505	1.93506	0.00505166
1692	-3.28368	6.23998	2.68799	0.00479869
1693	-2.94029	6.06807	3.16204	0.00444148
1694	-2.30713	5.91287	3.67197	0.00397176
1695	-1.96808	5.77107	4.09667	0.00439602
1696	-1.30411	5.64741	4.72175	0.00444244
1697	-0.710229	5.54064	5.3057	0.00440577
1698	-0.172751	5.44783	5.74461	0.00412677
1699	0.289472	5.36686	6.33305	0.00394297
1700	0.625345	5.2973	6.837	0.00407089
1701	1.11326	5.24775	7.27516	0.00509386
1702	1.53717	5.20476	7.72752	0.00438023
1703	2.10942	5.18054	8.2367	0.00497561
1704	2.70391	5.1656	8.68383	0.00428535
1705	2.94348	5.15854	9.0689	0.00439352
1706	2.98459	5.15535	9.23414	0.00453286
1707	3.60265	5.16275	9.3762	0.00424893
1708	4.20488	5.18289	9.47864	0.00427706
1709	4.94511	5.22568	9.55789	0.00511832
1710	5.79101	5.28115	9.72987	0.00471561
1711	6.59153	5.35739	9.97586	0.0052467
1712	7.51905	5.45044	10.0514	0.00509578
1713	8.30341	5.56936	10.0132	0.0062795
1714	9.06643	5.68839	9.8809	0.00500257
1715	10.2582	5.82345	9.65061	0.00450952
1716	11.4891	5.98035	9.41733	0.00460848
1717	12.1754	6.15215	9.13768	0.00518974
1718	12.8916	6.32869	8.84907	0.00466319
1719	13.4858	6.50978	8.54176	0.00437531
1720	14.0709	6.69877	8.32942	0.00451215
1721	14.4568	6.88941	8.19333	0.00434656
1722	14.7678	7.08398	8.17315	0.00460823
1723	15.2141	7.28316	8.46475	0.00456694
1724	15.6496	7.48968	9.00085	0.00472407
1725	16.3921	7.70946	9.87716	0.0047309
1726	16.9117	7.94621	10.8454	0.00544512
1727	17.3171	8.18884	12.0074	0.00519487
1728	17.8674	8.44567	13.434	0.0053757
1729	18.4789	8.70949	14.6505	0.00479653
1730	19.0549	8.98701	15.9814	0.00491857
1731	19.6963	9.27614	17.4028	0.00478532
1732	20.3378	9.57827	18.8638	0.00474282
1733	20.8599	9.89593	20.0856	0.00497849
1734	21.3901	10.2455	20.6987	0.00607846
1735	21.5186	10.5622	20.4572	0.00450002
1736	21.3694	10.8693	20.0287	0.0045359
1737	21.5374	11.1737	19.382	0.0046389
1738	21.8419	11.4701	18.7808	0.00437235
1739	22.2556	11.7772	18.4638	0.00496628
1740	23.2622	12.0903	17.2877	0.00460742
1741	24.311	12.4183	15.5941	0.00493382
1742	25.4938	12.7531	13.1947	0.00479465
1743	26.0568	13.0855	10.7079	0.00513153
1744	26.3811	13.3997	8.62476	0.00460031
1745	26.4993	13.7012	7.08075	0.0046769
1746	27.0231	14.0041	5.57263	0.00524995
1747	27.3204	14.2984	3.84619	0.00512965
1748	27.2035	14.5738	1.68981	0.00458748
1749	26.6316	14.8223	-0.779107	0.00445077
1750	25.2925	15.0283	-2.89212	0.00457219
1751	23.8198	15.1924	-4.71651	0.00413247
1752	21.967	15.3098	-5.75956	0.0039123
1753	20.7541	15.3936	-6.74204	0.00444623
1754	19.9168	15.4504	-8.09389	0.00508795
1755	18.9718	15.4843	-9.33657	0.00460781
1756	18.0196	15.4805	-10.7355	0.00595879
1757	17.3044	15.4695	-12.1435	0.00451548
1758	15.1839	15.411	-13.3054	0.00443598
1759	13.3486	15.3139	-13.8564	0.0042796
1760	11.4113	15.1748	-13.6306	0.00449602
1761	9.53054	15.0014	-13.2665	0.00453352
1762	8.11188	14.805	-13.2942	0.00450586
1763	6.87097	14.5859	-13.9686	0.00463452
1764	5.22243	14.3338	-14.4815	0.00473594
1765	3.66398	14.0533	-15.0244	0.00472815
1766	2.20456	13.7464	-15.2771	0.00475069
1767	0.49215	13.4004	-14.9249	0.00540637
1768	0.640796	13.0771	-14.338	0.0046544
1769	-0.493666	12.7421	-13.4355	0.00452552
1770	-0.191891	12.4158	-12.5405	0.00513607
1771	-0.101086	12.1086	-11.8032	0.00463027
1772	-0.851488	11.7923	-10.838	0.00493549
1773	-2.31343	11.46	-9.12796	0.00471686
1774	-3.34985	11.1292	-6.96037	0.00387035
1775	-4.02431	10.799	-4.77409	0.00398297
1776	-4.50481	10.4749	-2.69248	0.0038531
1777	-5.02216	10.1538	-0.978744	0.00423235
1778	-5.75951	9.83072	0.250481	0.00499674
1779	-5.01212	9.53519	0.768639	0.00542949
1780	-5.46764	9.23812	0.397778	0.00395747
1781	-5.92757	8.93639	-0.0411237	0.00407756
1782	-5.82359	8.64102	-0.582461	0.00433577
1783	-5.22687	8.36113	-1.01987	0.00443227
1784	-5.01993	8.08966	-1.5941	0.0038533
1785	-4.57879	7.82982	-2.11151	0.00414206
1786	-4.95994	7.56448	-2.65061	0.00461327
1787	-4.6283	7.30858	-2.98932	0.00463432
1788	-4.80602	7.05169	-3.08203	0.00498403
1789	-4.81881	6.80091	-3.46037	0.00442615
1790	-4.78758	6.55404	-3.56505	0.00445361
1791	-4.74572	6.31356	-3.66001	0.00414618
1792	-4.29852	6.08537	-3.60543	0.00444706
1793	-3.9333	5.87249	-3.71235	0.00353743
1794	-3.43789	5.67239	-3.77889	0.00382051
1795	-3.29028	5.47834	-3.66823	0.00399547
1796	-2.26787	5.30931	-3.27793	0.00392285
1797	-1.5059	5.16039	-3.04241	0.00392772
1798	-0.426038	5.03839	-2.87268	0.00344467
1799	-0.149698	4.92112	-2.56238	0.00480028
1800	0.221714	4.81465	-2.09207	0.00496782
1801	0.761968	4.7235	-1.45653	0.00492578
1802	1.00956	4.64187	-0.628819	0.00515216
1803	1.39272	4.57349	0.374599	0.00550766
1804	1.89146	4.52165	1.26063	0.00491069
1805	2.49269	4.48726	1.95375	0.00501011
1806	2.76775	4.46304	2.68351	0.00531262
1807	2.73744	4.44068	3.48729	0.00461786
1808	2.83363	4.4254	4.29107	0.00493603
1809	3.01882	4.41699	5.21897	0.00468869
1810	3.45538	4.4219	6.17827	0.00472119
1811	3.92615	4.43901	6.99402	0.0044629
1812	4.4781	4.46788	7.53984	0.00409797
1813	4.94085	4.51342	7.83369	0.00488303
1814	5.43906	4.57308	8.10286	0.0053597
1815	6.03456	4.63792	8.16118	0.00448477
1816	6.5896	4.71612	7.9608	0.00489674
1817	7.0649	4.79373	7.57125	0.0039273
1818	7.62004	4.88547	7.21982	0.00474494
1819	8.20248	4.98556	6.72933	0.00477036
1820	8.69899	5.09248	6.1379	0.00495065
1821	9.02135	5.19882	5.42982	0.00461561
1822	8.9094	5.29749	4.84437	0.00459644
1823	8.84841	5.3906	4.51688	0.00465332
1824	9.15105	5.49369	4.45183	0.00629884
1825	9.89371	5.60328	4.72324	0.00494944
1826	10.4704	5.72359	5.04027	0.0049614
1827	10.5623	5.84243	5.51357	0.00446627
1828	10.7277	5.96711	6.105	0.00499399
1829	10.6162	6.08839	6.9686	0.00472857
1830	10.6081	6.21196	7.88902	0.00485803
1831	10.9931	6.3453	9.18554	0.00487915
1832	11.7992	6.4967	10.2271	0.00470178
1833	12.4024	6.66884	11.1251	0.00539008
1834	13.1283	6.856	11.5475	0.00531695
1835	13.1725	7.04097	11.8885	0.00518182
1836	13.0797	7.2133	12.2997	0.00442564
1837	13.8562	7.40021	12.6758	0.00448398
1838	14.4214	7.59378	12.8687	0.00427814
1839	15.341	7.80922	12.856	0.00479686
1840	16.1031	8.03156	12.7558	0.00448194
1841	16.5787	8.25896	12.382	0.00451594
1842	16.8992	8.48779	11.9842	0.00461694
1843	17.2992	8.71557	11.5991	0.00438931
1844	17.1437	8.93406	11.2679	0.0043924
1845	17.0854	9.14563	10.897	0.00439581
1846	17.3492	9.35882	10.3407	0.00459981
1847	17.2579	9.55747	9.7194	0.00401327
1848	17.2905	9.7551	8.83636	0.00451131
1849	17.1512	9.93828	7.9922	0.00407198
1850	16.7906	10.1095	6.88485	0.00436706
1851	16.5429	10.266	5.74386	0.00412081
1852	16.3182	10.4075	4.56024	0.00363263
1853	16.0234	10.5377	3.18073	0.00399331
1854	15.7296	10.654	2.04646	0.00401226
1855	15.4699	10.7583	0.85313	0.0039901
1856	15.4078	10.8548	-0.164495	0.00420806
1857	15.3237	10.9435	-1.28156	0.00426623
1858	15.1648	11.0221	-2.33059	0.00462073
1859	15.2527	11.0949	-3.64655	0.00519978
1860	15.0741	11.158	-4.71876	0.00460598
1861	14.9909	11.2147	-5.6332	0.00431377
1862	14.0508	11.2444	-6.09079	0.00490544
1863	12.9022	11.2455	-6.0878	0.00536258
1864	11.7253	11.2223	-5.91882	0.00549883
1865	10.5153	11.1797	-5.90387	0.00490653
1866	9.27787	11.1102	-5.99509	0.00542933
1867	7.57239	11.0102	-6.16182	0.00499265
1868	5.86096	10.8751	-6.37268	0.00531841
1869	4.06743	10.7027	-6.21416	0.00578941
1870	2.66479	10.5149	-6.27548	0.00445185
1871	1.02367	10.298	-6.32707	0.00439069
1872	0.198263	10.0686	-6.7241	0.0044259
1873	-0.282074	9.83455	-7.41124	0.00410427
1874	-1.02286	9.58698	-8.42587	0.00418814
1875	-1.60436	9.32744	-9.16759	0.00432498
1876	-2.46723	9.05574	-9.97736	0.00398551
1877	-4.08229	8.75047	-10.1314	0.00434727
1878	-4.72137	8.43425	-9.31713	0.0047119
1879	-4.67381	8.13157	-8.18436	0.0044379
1880	-5.12449	7.82997	-6.67176	0.00454786
1881	-5.58372	7.5346	-5.31842	0.00414527
1882	-6.11653	7.24104	-3.80656	0.00393956
1883	-6.84879	6.94513	-2.26778	0.00378422
1884	-7.25962	6.65102	-0.609378	0.00450427
1885	-7.81698	6.35886	0.984726	0.00468861
1886	-8.09693	6.07419	2.86146	0.00460265
1887	-6.8837	5.82766	4.38827	0.00450431
1888	-6.43008	5.60108	5.33561	0.00431785
1889	-6.55967	5.3813	5.6975	0.00448223
1890	-6.01858	5.17684	6.02574	0.00421564
1891	-5.26929	4.9914	6.44969	0.00397606
1892	-4.33288	4.82941	6.86242	0.00387551
1893	-3.0769	4.69469	7.20786	0.0034818
1894	-1.73602	4.594	7.53909	0.00395197
1895	-0.325562	4.52521	7.96977	0.00400647
1896	0.904623	4.48476	8.19558	0.00409214
1897	2.04689	4.46939	8.56793	0.00415756
1898	3.11658	4.47561	8.9373	0.00396327
1899	4.10378	4.50725	9.39938	0.00446119
1900	5.11081	4.55655	9.82482	0.00404122
1901	6.06457	4.62721	10.2121	0.00420702
1902	6.75898	4.71974	10.8746	0.00498536
1903	7.70198	4.82802	11.7531	0.00456336
1904	8.99339	4.95812	12.5831	0.00406302
1905	10.4101	5.12269	13.2157	0.00450248
1906	12.1787	5.32148	13.8101	0.00445277
1907	13.5416	5.54778	13.9686	0.00457373
1908	14.8247	5.80232	13.8437	0.00504095
1909	15.9568	6.0724	13.8998	0.00493774
1910	16.7763	6.35142	13.9252	0.00476719
1911	17.691	6.64447	13.9095	0.00485524
1912	18.998	6.95656	13.5566	0.00477028
1913	20.0254	7.27798	12.8583	0.00451927
1914	20.9962	7.61209	11.8212	0.00474182
1915	20.6743	7.92684	10.6937	0.0046179
1916	20.8633	8.25079	9.03375	0.00622438
1917	20.3676	8.54202	7.25721	0.00552287
1918	19.7959	8.80253	5.49712	0.0049814
1919	18.7512	9.02928	3.70711	0.00515591
1920	17.4375	9.21508	1.87225	0.00485432
1921	16.144	9.36269	0.254219	0.0049212
1922	14.721	9.47097	-1.87898	0.00448961
1923	12.7426	9.52835	-4.32546	0.00437085
1924	9.91447	9.51477	-6.69494	0.00502566
1925	7.96172	9.44786	-9.30293	0.00546445
1926	4.73267	9.31101	-11.0533	0.00466636
1927	2.00298	9.1188	-12.3678	0.00425127
1928	-1.32936	8.85673	-13.0833	0.00438144
1929	-3.50057	8.55343	-12.7633	0.0043801
1930	-4.70057	8.23385	-11.7158	0.00435711
1931	-5.29585	7.91324	-10.6024	0.00435581
1932	-6.98156	7.57343	-9.16685	0.00403468
1933	-8.52699	7.21144	-6.88635	0.00444977
1934	-9.88139	6.83579	-3.80058	0.00500841
1935	-10.3197	6.47397	-0.431425	0.00502349
1936	-10.5107	6.13216	2.74258	0.0049959
1937	-10.0091	5.82356	6.00854	0.00529337
1938	-8.87257	5.56221	9.036	0.00553191
1939	-8.03143	5.32955	11.1901	0.00442711
1940	-9.4605	5.08834	12.7551	0.00497849
1941	-9.1117	4.87163	14.4105	0.00538295
1942	-7.08302	4.70543	16.4121	0.0051622
1943	-4.21114	4.60564	17.9853	0.00488303
1944	-0.820663	4.57366	19.053	0.00434306
1945	2.44186	4.62386	20.0138	0.00497186
1946	6.07983	4.75169	20.748	0.00503257
1947	9.91477	4.93534	20.9021	0.00395368
1948	13.4433	5.19495	20.4796	0.0043669
1949	16.1314	5.50266	19.6526	0.0044334
1950	20.0969	5.8805	18.2769	0.00446306
1951	22.2218	6.28075	16.4293	0.00409918
1952	23.6012	6.69666	14.1181	0.00431685
1953	23.8387	7.09663	11.5184	0.00412923
1954	24.0464	7.4809	8.52457	0.00401039
1955	24.0245	7.84714	5.6504	0.0042334
1956	22.254	8.15809	2.66257	0.00412052
1957	20.0004	8.40527	0.417219	0.00395835
1958	17.3595	8.58607	-1.28381	0.00420678
1959	15.7785	8.7239	-2.64238	0.00478536
1960	14.0353	8.81752	-3.8589	0.00486878
1961	11.8341	8.86031	-5.08139	0.00463765
1962	9.59415	8.85576	-6.03397	0.00386097
1963	7.56001	8.80667	-6.50278	0.00392022
1964	4.47004	8.69457	-6.48932	0.00397943
1965	1.87475	8.53289	-6.10649	0.00397601
1966	0.817726	8.35274	-5.01559	0.00431894
1967	-1.47742	8.13439	-3.55309	0.00442385
1968	-1.57874	7.92489	-1.30624	0.00437748
1969	-1.40591	7.73208	1.25539	0.00483782
1970	-1.37362	7.55447	3.89329	0.00366101
1971	-0.729647	7.40404	6.26426	0.00399622
1972	0.0164788	7.28079	8.29203	0.00399202
1973	0.674446	7.18065	10.0731	0.00393593
1974	1.86621	7.11681	11.7636	0.00430002
1975	2.65409	7.07527	13.3398	0.00413877
1976	3.72292	7.06672	14.7006	0.00447456
1977	6.47256	7.11764	15.5126	0.00435981
1978	7.74846	7.19975	15.6726	0.00457123
1979	8.49858	7.29569	15.4633	0.00455469
1980	9.55836	7.40847	15.713	0.0044564
1981	10.4565	7.5356	16.6162	0.0042971
1982	11.4794	7.68688	18.2402	0.00444606
1983	13.2972	7.88116	20.0773	0.0045914
1984	15.6417	8.14691	21.7185	0.00561829
1985	18.3853	8.47487	22.0445	0.00578788
1986	19.5579	8.80464	20.8811	0.00500441
1987	20.6389	9.14305	19.4111	0.00497107
1988	21.8805	9.49231	17.6966	0.00496816
1989	23.2033	9.84363	15.6569	0.00444569
1990	24.1273	10.1976	13.1521	0.00445406
1991	24.8253	10.5559	10.1314	0.00509953
1992	25.5195	10.9059	6.33903	0.00510528
1993	25.7824	11.2365	1.86627	0.00532849
1994	25.3443	11.5288	-2.69024	0.00554437
1995	24.2896	11.7702	-6.28669	0.00525041
1996	23.9385	11.9786	-9.09432	0.00567412
1997	23.4084	12.1597	-12.195	0.00532583
1998	19.8501	12.2571	-15.2831	0.00472478
1999	15.1878	12.2394	-17.3796	0.00509024
2000	10.4533	12.1218	-18.792	0.00480715
2001	6.47269	11.916	-20.0983	0.00504128
2002	3.47134	11.6418	-21.5615	0.00534899
2003	0.172092	11.312	-22.867	0.00475178
2004	-2.9057	10.923	-23.0584	0.00466794
2005	-5.71711	10.453	-21.2527	0.0060713
2006	-9.30459	9.95811	-17.5067	0.00478907
2007	-11.4085	9.46042	-13.7862	0.00410098
2008	-10.1946	8.99763	-10.1351	0.00515841
2009	-9.23787	8.58816	-7.18693	0.00450656
2010	-8.37141	8.21862	-4.46304	0.00430869
2011	-8.26515	7.86967	-1.42064	0.00440673
2012	-8.72551	7.53171	2.56687	0.00435306
2013	-7.94965	7.2347	7.61536	0.00501445
2014	-6.59471	6.98896	12.3311	0.00413452
2015	-4.25697	6.81491	14.8367	0.00420868
2016	-1.00868	6.71983	15.8962	0.00422231
2017	1.25808	6.6779	17.5232	0.00432069
2018	2.90649	6.68189	18.8257	0.00462461
2019	5.99369	6.75443	19.6818	0.00467782
2020	8.82708	6.89146	20.3667	0.00495557
2021	11.7095	7.08299	20.9006	0.00476794
2022	14.3112	7.32502	20.9828	0.00475861
2023	16.2433	7.59538	20.1349	0.00447344
2024	17.8769	7.88936	18.3658	0.00447777
2025	18.7942	8.18753	16.1938	0.00444856
2026	18.2502	8.45796	13.5693	0.00435906
2027	17.8122	8.70166	10.7602	0.00425735
2028	17.1383	8.92439	8.49765	0.00512099
2029	16.1871	9.10362	6.38987	0.00407927
2030	15.6072	9.26129	3.66973	0.00440731
2031	14.6725	9.38566	0.717048	0.00448865
2032	13.0452	9.46195	-2.26031	0.00442086
2033	11.5508	9.49397	-5.09111	0.00440427
2034	9.56087	9.47131	-7.43741	0.00481148
2035	7.0227	9.38589	-8.7429	0.0050002
2036	6.09082	9.27425	-9.30592	0.00533858
2037	4.89259	9.14364	-9.31639	0.00471261
2038	3.08656	8.9801	-9.14666	0.00464344
2039	2.10411	8.80117	-7.74995	0.0046199
2040	1.03571	8.61131	-5.24215	0.0045494
2041	0.297109	8.42083	-2.5063	0.00470953
2042	-0.337136	8.23408	0.370113	0.00471919
2043	-0.914585	8.05281	3.67721	0.00470049
2044	-0.627816	7.89592	7.14131	0.00464023
2045	-0.103482	7.76807	10.7953	0.00459161
2046	0.931788	7.68154	14.7567	0.00474482
2047	2.90861	7.65626	18.7412	0.00485303
2048	5.69633	7.70084	22.47	0.00456148
2049	7.79139	7.80146	25.084	0.00448723
2050	10.5344	7.99683	26.9637	0.00572392
2051	13.8476	8.23337	28.3873	0.00452352
2052	17.8303	8.53806	29.1492	0.00405281
2053	21.3565	8.90001	28.5309	0.00369614
2054	23.9543	9.31136	26.4852	0.00394347
2055	25.8393	9.77374	23.5145	0.00507866
2056	27.5216	10.2477	20.1252	0.00516357
2057	29.2536	10.72	15.9986	0.00467286
2058	30.4697	11.1953	10.98	0.00512274
2059	30.7296	11.6442	5.93452	0.00540949
2060	30.1578	12.042	0.863598	0.00473694
2061	29.043	12.3865	-3.96806	0.00527312
2062	27.6348	12.6724	-8.21128	0.00491057
2063	25.485	12.8868	-10.6219	0.00519699
2064	22.9958	13.0402	-11.1415	0.00468148
2065	21.3506	13.1515	-10.912	0.00502845
2066	21.2659	13.2577	-10.4342	0.00524508
2067	17.9829	13.3041	-9.72463	0.00471211
2068	15.3918	13.3031	-8.79225	0.0044834
2069	14.3242	13.2854	-8.01912	0.00442073
2070	12.4963	13.2331	-7.50395	0.00465403
2071	10.1124	13.1352	-6.75326	0.00481853
2072	7.78629	12.9909	-6.12593	0.00564629
2073	6.82593	12.841	-6.32482	0.00443023
2074	6.5384	12.6826	-7.32675	0.0052072
2075	5.6503	12.5127	-8.78327	0.00408077
2076	1.76094	12.2604	-10.6174	0.0043266
2077	0.859152	11.9858	-12.0859	0.00448144
2078	0.812797	11.7088	-12.5532	0.00451865
2079	-0.833894	11.3983	-11.5722	0.00484561
2080	-1.2772	11.094	-10.2615	0.00447798
2081	-2.58608	10.7768	-9.04273	0.00433665
2082	-3.36808	10.4546	-7.75443	0.00443065
2083	-3.95016	10.1323	-6.36969	0.00450306
2084	-4.39331	9.81398	-4.76511	0.00445911
2085	-4.876	9.49911	-2.78968	0.00451311
2086	-4.64046	9.20383	-0.659474	0.00456702
2087	-4.18101	8.93331	1.19932	0.0043639
2088	-4.11864	8.67755	2.4405	0.00448631
2089	-3.6367	8.44163	2.50705	0.00433652
2090	-3.66613	8.21023	2.68052	0.0043749
2091	-2.11781	8.01503	3.19344	0.00432702
2092	-0.991795	7.84878	4.00694	0.00443644
2093	0.218449	7.71332	4.76287	0.00436623
2094	1.72867	7.61557	5.35131	0.00470119
2095	3.40935	7.55521	5.8291	0.00453127
2096	4.70804	7.52269	6.15883	0.00427544
2097	6.04528	7.51435	6.29118	0.00351459
2098	7.08799	7.53095	6.45492	0.00407497
2099	8.497	7.57547	6.45492	0.00398376
2100	9.8041	7.64634	6.39062	0.00415752
2101	10.9351	7.73943	6.03247	0.00436098
2102	11.8485	7.84699	5.34758	0.00429202
2103	12.3635	7.95836	4.70605	0.00401514
2104	12.4454	8.06837	4.39126	0.00439536
2105	12.3054	8.17236	3.97554	0.0044729
2106	12.5737	8.27765	3.70412	0.00443061
2107	12.5687	8.38031	3.62561	0.00463886
2108	12.6392	8.48218	3.64805	0.00469907
2109	12.7243	8.58471	3.906	0.00494761
2110	12.7741	8.68656	4.53034	0.00471803
2111	12.801	8.7889	5.50459	0.0045154
2112	12.8672	8.89527	6.80335	0.00459903
2113	12.7361	9.00554	8.13277	0.0050162
2114	12.9506	9.12305	9.3433	0.00484519
2115	13.8106	9.2597	10.6241	0.00468494
2116	14.4236	9.41661	11.9543	0.00515099
2117	14.9719	9.5755	13.2852	0.00407923
2118	15.3006	9.77417	14.6759	0.00646434
2119	15.7484	9.96447	15.9545	0.00492378
2120	16.4127	10.1719	16.8727	0.00501599
2121	17.0175	10.3918	17.5538	0.00502241
2122	17.8194	10.627	17.7849	0.00503749
2123	18.8605	10.8742	17.7026	0.00473194
2124	18.7346	11.1113	16.8203	0.00460869
2125	18.1005	11.334	15.055	0.00502807
2126	17.4971	11.5366	12.871	0.0053795
2127	16.7708	11.7046	10.8297	0.00502066
2128	16.3631	11.8501	8.55896	0.00492295
2129	15.64	11.9651	6.03472	0.00468032
2130	14.1073	12.0354	3.54561	0.0046424
2131	12.4928	12.061	0.992203	0.00472557
2132	10.2883	12.03	-1.55896	0.0046299
2133	7.74149	11.9364	-3.96059	0.00516137
2134	5.83141	11.795	-5.57637	0.00496166
2135	4.13567	11.6167	-6.50876	0.00460328
2136	2.47804	11.4035	-7.39553	0.00476178
2137	0.822482	11.1595	-8.59111	0.00446944
2138	-0.892807	10.8794	-9.47116	0.00464373
2139	-2.48114	10.5717	-9.73285	0.0043559
2140	-3.49425	10.2491	-9.67154	0.0043341
2141	-5.44444	9.89682	-9.42929	0.00405018
2142	-4.65491	9.56808	-8.18885	0.00407985
2143	-4.16828	9.25886	-6.49455	0.00429902
2144	-3.49151	8.97526	-4.85858	0.00449177
2145	-3.09499	8.71315	-3.14708	0.00434856
2146	-2.99736	8.46253	-1.138	0.00531916
2147	-2.52145	8.23772	0.873318	0.00460465
2148	-2.18417	8.03306	2.6536	0.00441244
2149	-1.6905	7.85002	4.19013	0.00439565
2150	-0.984485	7.68982	5.59357	0.00401685
2151	1.62064	7.59056	6.83102	0.00403614
2152	1.41271	7.49689	7.19291	0.00446386
2153	2.06775	7.41702	7.35516	0.00407381
2154	2.99002	7.36008	7.4232	0.00438315
2155	4.30752	7.33091	7.71929	0.00438336
2156	6.16189	7.34048	7.82472	0.00435469
2157	7.87984	7.38585	7.98921	0.00450994
2158	9.61602	7.4655	8.11333	0.00447698
2159	11.3579	7.57896	8.39671	0.00447911
2160	13.026	7.72095	8.56494	0.00401556
2161	13.7279	7.87752	8.88795	0.00434119
2162	14.9685	8.06435	9.14666	0.0051667
2163	16.0599	8.26941	9.45695	0.00503686
2164	17.2107	8.49925	9.69622	0.00550512
2165	18.4697	8.73989	9.66332	0.00433885
2166	19.5605	9.00307	9.7665	0.00493799
2167	20.429	9.27372	9.70968	0.00440252
2168	20.8538	9.55381	9.50406	0.00509516
2169	21.1753	9.83186	8.87599	0.00489878
2170	21.2799	10.0995	8.14473	0.00445148
2171	21.3321	10.3597	6.99028	0.00445398
2172	21.1407	10.6054	6.24258	0.00438211
2173	20.9688	10.8395	5.20701	0.00439165
2174	20.3858	11.0527	4.24621	0.00436742
2175	18.971	11.2307	3.53514	0.00470903
2176	17.2657	11.367	2.86819	0.00450694
2177	15.6829	11.4661	2.27302	0.00454944
2178	14.4595	11.5365	1.87075	0.00470111
2179	13.2819	11.5805	1.41465	0.00500074
2180	12.232	11.6005	0.905469	0.00501524
2181	11.1712	11.5963	0.340205	0.00493903
2182	9.96039	11.5652	-0.503952	0.00475049
2183	8.51401	11.5018	-1.38624	0.00476211
2184	6.9742	11.4043	-2.24162	0.00511095
2185	5.78839	11.2799	-3.31158	0.00548633
2186	4.72878	11.1325	-4.55725	0.0050522
2187	3.50106	10.9604	-5.71545	0.00435698
2188	2.31825	10.7628	-6.80784	0.00443015
2189	0.805301	10.5367	-7.18767	0.00403843
2190	-0.751222	10.2858	-6.87738	0.00357222
2191	-1.9583	10.0062	-5.88218	0.0051392
2192	-3.00882	9.72257	-4.77409	0.00405377
2193	-3.90199	9.4317	-3.78487	0.00392797
2194	-4.5705	9.1372	-2.64911	0.00389785
2195	-5.20277	8.84002	-1.34063	0.00399985
2196	-5.67407	8.54387	0.183187	0.00446398
2197	-6.00174	8.25375	1.78552	0.00441315
2198	-6.40856	7.96778	3.43794	0.00415631
2199	-6.16959	7.70025	4.65072	0.0045184
2200	-5.73542	7.45183	5.22346	0.0044514
2201	-5.36673	7.21906	5.32514	0.00461103
2202	-4.83369	7.00213	5.47169	0.00462336
2203	-4.19354	6.80495	6.03546	0.00498516
2204	-3.57229	6.62891	6.56932	0.00532683
2205	-2.64967	6.47609	7.19515	0.00508616
2206	-1.6892	6.35008	7.93313	0.00528991
2207	-0.36423	6.25252	8.63897	0.00472324
2208	1.24352	6.2082	9.25433	0.00659835
2209	2.9565	6.18587	9.90931	0.00470915
2210	4.52232	6.19647	10.5815	0.00451711
2211	6.19297	6.25071	11.4922	0.00523728
2212	8.19363	6.35667	12.1913	0.00595775
2213	10.1975	6.48623	12.788	0.00441506
2214	12.3167	6.65885	13.3488	0.00446948
2215	13.9205	6.86287	13.1132	0.00449327
2216	15.3569	7.10137	12.9928	0.00534004
2217	16.5805	7.35017	13.0676	0.00465028
2218	17.7305	7.61765	13.0646	0.00467544
2219	18.4244	7.89556	13.3428	0.0048249
2220	19.1548	8.17939	13.5566	0.0044849
2221	19.8413	8.47301	13.7248	0.0045449
2222	20.2927	8.77228	13.8587	0.00467507
2223	20.7406	9.06539	13.6807	0.00395735
2224	21.0466	9.36006	13.3286	0.00410573
2225	21.6726	9.66511	13.4407	0.00450107
2226	22.2848	9.98044	12.9779	0.00477824
2227	22.7015	10.2983	11.9363	0.00498995
2228	22.8241	10.6041	10.6667	0.0047229
2229	22.8055	10.9	8.6614	0.00495945
2230	22.6731	11.1815	6.49081	0.00542874
2231	22.2601	11.4307	4.03087	0.00434285
2232	20.9488	11.6368	1.75187	0.00399285
2233	18.8435	11.7899	0.196646	0.00522966
2234	17.198	11.8989	-1.43634	0.00418589
2235	13.5793	11.9259	-2.83978	0.0046794
2236	11.3819	11.9028	-4.18863	0.00440352
2237	9.65219	11.8397	-5.61151	0.00441081
2238	7.39478	11.7268	-6.91401	0.00436073
2239	5.2155	11.5689	-7.90995	0.00408823
2240	2.49632	11.3542	-8.7571	0.00428365
2241	0.111104	11.0911	-9.39265	0.00446319
2242	-1.83474	10.7912	-9.99605	0.00449027
2243	-2.89856	10.4742	-10.9254	0.00441323
2244	-4.48974	10.1252	-11.7868	0.00463748
2245	-4.05076	9.7868	-12.4844	0.00475544
2246	-5.27899	9.42893	-12.7274	0.00462236
2247	-7.04182	9.03478	-11.5288	0.00518995
2248	-8.2205	8.62476	-9.61397	0.00574579
2249	-9.47925	8.21925	-7.73574	0.00460886
2250	-10.2722	7.81622	-5.64367	0.00437973
2251	-10.9661	7.41318	-3.38485	0.00495361
2252	-11.0736	7.02734	-1.19857	0.00485565
2253	-10.9993	6.66033	0.985473	0.00551016
2254	-10.7373	6.31727	3.27644	0.0050602
2255	-10.2914	6.00108	5.31169	0.00497857
2256	-9.37764	5.72379	7.06356	0.00581821
2257	-8.37787	5.47413	7.99594	0.00467607
2258	-7.26557	5.25652	8.59709	0.00474532
2259	-5.77708	5.07963	9.23489	0.0051967
2260	-4.07404	4.94351	10.1112	0.00518808
2261	-1.96051	4.85233	10.9471	0.0047334
2262	0.115638	4.80483	11.8945	0.00440294
2263	2.22604	4.80753	12.8904	0.00465611
2264	4.61226	4.86213	13.9282	0.00463157
2265	7.28477	4.97528	14.9772	0.00473936
2266	9.80939	5.14089	15.7773	0.00469665
2267	12.3691	5.35708	16.211	0.00463182
2268	14.6743	5.61129	16.4525	0.00427244
2269	16.7355	5.90529	16.4241	0.00443515
2270	18.7253	6.23616	15.8947	0.00462669
2271	20.243	6.58431	15.0999	0.00436636
2272	21.4004	6.94757	14.1002	0.00452394
2273	22.2039	7.30754	12.9928	0.00396852
2274	22.5534	7.67505	11.9558	0.00491607
2275	22.573	8.02943	11.0339	0.00481565
2276	22.2421	8.35652	10.4664	0.00396139
2277	21.6661	8.66551	10.257	0.00417248
2278	21.2344	8.96718	9.95418	0.00500316
2279	20.813	9.24707	10.0506	0.0044049
2280	20.4687	9.51526	10.1703	0.00444331
2281	20.2246	9.77687	10.4723	0.00475824
2282	20.1107	10.0291	10.8671	0.00443381
2283	20.0462	10.2786	10.8402	0.00462078
2284	20.1273	10.5191	10.5187	0.00409585
2285	20.4433	10.7592	9.77622	0.00404031
2286	19.8373	10.9783	8.41316	0.00391193
2287	20.6718	11.2015	6.3652	0.00356493
2288	18.9333	11.386	3.88806	0.00478461
2289	16.766	11.5124	1.92982	0.00492032
2290	14.7862	11.5865	0.586948	0.00459215
2291	13.4898	11.6275	-0.736488	0.00510149
2292	12.1057	11.6335	-2.09207	0.00502132
2293	10.7175	11.6055	-3.04091	0.00470732
2294	9.15327	11.5427	-3.94488	0.00462357
2295	7.02902	11.4346	-4.67315	0.00461298
2296	5.60952	11.2984	-4.85334	0.00429965
2297	2.80575	11.1044	-4.4264	0.00507211
2298	3.00668	10.9207	-3.65328	0.00500907
2299	3.47483	10.7564	-3.64206	0.00430123
2300	3.38334	10.5935	-4.07498	0.00431373
2301	2.37835	10.412	-4.46678	0.00430902
2302	1.43613	10.2166	-4.73371	0.00362676
2303	0.5676	10.007	-5.1285	0.00358922
2304	-0.0917967	9.78284	-5.28925	0.00441319
2305	-0.477575	9.55489	-5.2915	0.0043884
2306	-0.418731	9.33166	-5.36627	0.00458032
